90784.000
90889.000
90970.000
90747.000
90269.000
89931.000
89670.000
89933.000
90058.000
90350.000
90583.000
90818.000
90927.000
90987.000
91085.000
91175.000
91151.000
91328.000
91467.000
91415.000
91354.000
91259.000
91020.000
90750.000
90391.000
90391.000
90264.000
90028.000
90006.000
89769.000
89435.000
89272.000
89122.000
88836.000
88671.000
88644.000
88807.000
88715.000
88919.000
89244.000
89558.000
89970.000
90404.000
90065.000
91214.000
91457.000
91771.000
92131.000
92572.000
93068.000
93355.000
93722.000
94039.000
94432.000
94760.000
94988.000
95302.000
95594.000
95936.000
96078.000
96391.000
96503.000
96840.000
97017.000
97283.000
97413.000
97608.000
97814.000
98021.000
98240.000
98435.000
98634.000
98771.000
98892.000
98957.000
99143.000
99263.000
99152.000
99454.000
99615.000
99943.000
100174.000
100348.000
100596.000
100779.000
100990.000
101236.000
101594.000
101802.000
101960.000
102287.000
102522.000
102682.000
103238.000
103458.000
103804.000
103931.000
104384.000
104662.000
104908.000
105092.000
105483.000
105697.000
105869.000
106111.000
106419.000
106740.000
107064.000
107447.000
107700.000
107877.000
108049.000
108160.000
108292.000
108364.000
108454.000
108617.000
108747.000
109022.000
109161.000
109488.000
109810.000
109997.000
109969.000
110241.000
110304.000
110078.000
109877.000
109737.000
109548.000
109284.000
109101.000
108845.000
108557.000
108344.000
108178.000
108265.000
108227.000
108190.000
108267.000
108293.000
108285.000
108139.000
108154.000
108100.000
108142.000
108200.000
108377.000
108496.000
108454.000
108594.000
108485.000
108497.000
108571.000
108646.000
108752.000
109490.000
109856.000
109804.000
110096.000
110285.000
110372.000
110628.000
110714.000
110923.000
111112.000
111366.000
111610.000
111711.000
111919.000
112298.000
112699.000
112951.000
113307.000
113624.000
113914.000
114186.000
114348.000
114882.000
115113.000
115289.000
115607.000
115520.000
