90784.000000
111222.380410
130516.415258
68239.228714
-1726.749197
-468.216478
-203.710825
-320.010866
-406.589920
-663.200371
-996.112565
-1499.134311
-1849.363458
-2086.904053
-2524.432597
-3009.963196
-2855.738532
-3935.151047
-5100.965512
-4536.485621
-3947.249870
-3148.247927
-1543.346731
-652.203283
-149.990255
-149.990255
-108.969963
-53.512319
-50.966919
-24.843956
-6.851187
-4.420645
-2.974810
-1.116588
-0.712901
-0.670647
-0.910690
-0.727049
-1.052477
-1.801264
-3.034895
-5.752547
-11.153984
-3.012581
-10.493586
-15.935176
-26.584616
-46.884081
-90.567376
-185.023690
-296.085829
-522.656287
-866.761357
-1571.846021
-2634.573315
-3868.465640
-6357.648647
-10149.353626
-17217.264027
-22177.793748
-36241.374231
-44438.156012
-74644.787325
-101201.551053
-155212.044296
-195584.855942
-271794.528671
-383449.919319
-541405.566049
-776858.920154
-1077013.927942
-1500834.496299
-1906608.204428
-2361255.441521
-2663356.569864
-3637791.663325
-4494857.516168
-3516474.982968
-5601302.715286
-7366323.583085
-12087574.431755
-17525783.989551
-23451336.707648
-34732859.912321
-47031811.765144
-66199127.585193
-97587310.883821
-164760904.008573
-230421772.135124
-300033348.455146
-487336305.509439
-705274509.070883
-919523250.440091
-1888694152.514444
-2672127246.529402
-4411634863.266338
-5462256574.220947
-10096537654.086742
-15330619498.109148
-22344574276.159874
-29973062483.027813
-51679842171.264809
-72088275089.461517
-94922569649.627197
-137157639881.931351
-214651535194.052185
-340682434969.430603
-541973609286.278870
-919363817540.026367
-1340740804894.805664
-1769644284268.019043
-2318859730998.341797
-2782556302549.675293
-3443566854600.907715
-3889224970540.988281
-4517974577273.754883
-5839705321505.356445
-7200190017150.176758
-10744376345098.791016
-13410860741022.156250
-21230632534483.042969
-33384359109021.253906
-44450595355790.359375
-42248115464320.296875
-62588686862284.304688
-69550949857651.195312
-41812804346262.984375
-26951326359761.406250
-20266985861508.945312
-13472524009600.287109
-7152690765043.670898
-4821267447691.125977
-2619204970197.286133
-1270208947004.445557
-785083431694.271606
-550943108291.190552
-637190156176.335449
-593656839767.374878
-554151230965.938721
-630920797034.686890
-660413139441.950684
-650916663191.371582
-480085489976.340515
-493047867595.433533
-445130005021.541260
-478794154418.527283
-528779145037.847778
-697154104063.548218
-846157375554.202759
-782398024690.377197
-978990724030.244751
-787716511118.414062
-804677012264.169434
-911506897962.475952
-1034071360235.985840
-1230452516524.995850
-2855781003320.167969
-4713964972801.557617
-4279631708269.655762
-6494909869143.966797
-8665213872392.130859
-9995788600539.548828
-14508684284782.863281
-16704109256403.271484
-22842071963665.964844
-30417948211719.128906
-43952997668300.890625
-62697887158135.500000
-73741936815126.796875
-100468253779601.109375
-166693170674257.406250
-282556855820649.437500
-405539409491208.125000
-654339286486702.125000
-1010677744595006.375000
-1512786512915794.750000
-2215901937048167.500000
-2827843386961942.500000
-5398388420195910.000000
-7511299890159755.000000
-9746727322918128.000000
-14979781647888844.000000
-12785472653359254.000000
