91021.037024
91258.692952
91020.416504
90782.762197
90545.728405
90309.313508
90545.111125
90781.524411
91018.554971
91256.204418
91494.474368
91733.366440
91972.882260
92213.023456
92453.791660
92212.394810
92453.161373
92694.556577
92452.531090
92211.137531
91970.374251
91730.239604
91490.731948
91251.849647
91490.108227
91251.227554
91012.970599
90775.335733
90538.321331
90301.925774
90066.147446
89830.984735
89596.436034
89362.499739
89129.174252
89361.890526
89128.566630
89361.281318
89594.603623
89828.535133
90063.077438
90298.232134
90062.463450
90297.616542
90533.383618
90769.766283
91006.766143
91244.384809
91482.623898
91721.485029
91960.969826
92201.079919
92441.816938
92683.182522
92925.178312
93167.805952
93411.067094
93654.963390
93899.496499
94144.668085
94390.479813
94636.933356
94884.030389
95131.772592
95380.161650
95629.199252
95878.887092
96129.226866
96380.220277
96631.869032
96884.174842
97137.139423
97390.764494
97645.051780
97900.003010
98155.619918
97899.335595
98154.950760
98411.233336
98668.185066
98925.807698
99184.102982
99443.072674
99702.718537
99963.042335
100224.045839
100485.730823
100748.099066
101011.152352
101274.892471
101539.321215
101804.440383
102070.251777
102336.757204
102603.958477
102871.857413
103140.455833
103409.755563
103679.758435
103950.466284
104221.880951
104494.004283
104766.838128
105040.384342
105314.644786
105589.621323
105865.315824
106141.730164
106418.866221
106696.725881
106975.311032
107254.623570
107534.665392
107815.438403
108096.944513
108379.185635
108662.163689
108945.880598
109230.338292
109515.538705
109801.483777
110088.175451
109800.735225
110087.424945
110374.863211
110086.674443
109799.238136
109512.552326
109226.615052
108941.424360
108656.978301
108373.274930
108090.312309
107808.088504
107526.601585
107807.353542
107525.868542
107245.118499
107525.135503
107805.883632
107524.402470
107243.656255
107523.669441
107242.925141
107522.936418
107803.678805
108085.154210
108367.364548
108084.417359
108366.625773
108083.680513
108365.887003
108648.830334
108932.512430
109216.935220
109502.100638
109788.010622
109501.354127
109787.262162
110073.916704
110361.319700
110649.473106
110938.378880
111228.038988
111518.455397
111809.630084
112101.565029
112394.262215
112687.723634
112981.951280
113276.947155
113572.713264
113869.251618
114166.564234
114464.653133
114763.520343
115063.167894
115363.597826
115664.812180
115966.813004
116269.602353
115966.022421
