25.202
26.466
26.859
26.470
27.355
27.441
28.311
26.942
30.485
32.037
32.607
36.287
32.631
33.901
36.033
37.336
37.388
39.119
38.197
42.627
43.548
47.730
48.534
49.250
51.580
51.340
54.018
55.733
60.421
62.853
63.990
65.064
65.299
65.084
66.079
66.737
68.819
70.637
71.712
75.940
76.658
72.308
74.579
75.735
77.019
73.042
80.620
80.983
81.910
82.401
80.499
78.308
78.700
79.398
83.375
83.818
85.707
85.440
88.456
87.130
90.095
93.024
96.146
96.888
96.638
98.768
100.671
101.597
103.731
105.619
107.203
109.538
113.090
115.305
115.126
119.490
124.288
123.506
123.502
124.613
121.558
118.226
120.272
123.985
123.903
121.797
123.108
125.979
128.278
128.953
125.902
124.144
122.340
119.671
124.260
129.757
129.378
128.488
126.660
125.497
129.047
132.074
133.243
135.278
135.893
136.631
138.662
139.435
140.200
139.200
139.200
139.600
138.000
136.700
138.400
140.700
144.100
147.400
145.700
145.000
150.500
157.600
161.200
162.100
164.300
169.300
174.400
177.500
182.200
187.900
190.800
193.500
197.900
204.000
211.800
219.200
224.800
229.700
233.700
238.200
244.000
247.500
253.900
262.500
265.500
267.600
270.900
270.800
271.600
276.500
282.600
288.900
295.800
300.500
305.700
311.900
