25.202000
44.200053
54.064870
42.295941
63.550399
66.553307
98.267304
26.847395
79.912066
141.059734
178.781158
482.045073
-247.924546
-392.953554
-764.384366
-1179.833448
-1204.531249
-2042.725967
-1319.098070
-3618.493009
-4793.565377
-11712.456295
-14677.797089
-17932.338716
-30683.467563
-28537.632406
-50911.170225
-75205.264815
-170284.447872
-273302.340583
-347611.067131
-435300.604873
-458931.402895
-436220.117236
-536454.460459
-616743.693036
-905932.031902
-1265634.279484
-1555132.875413
-2933207.261824
-3350036.925094
-492818.900746
-725456.632681
-894467.545976
-1122394.137611
-251299.942429
-643164.827587
-686690.764891
-804834.064040
-877346.572655
-572969.995573
-338576.375318
-364050.460735
-412579.790109
-723190.190382
-780944.237182
-1045475.316030
-996523.279348
-1525235.757848
-1181586.650262
-1785931.149979
-2658591.831468
-3999662.207839
-4463598.143475
-4290490.150808
-5711838.711489
-7365933.825316
-8384282.333477
-11031206.139453
-14048922.658250
-17215704.617761
-22851649.835767
-33989150.043983
-43994950.682928
-42968425.186601
-67449065.771110
-108155835.059241
-97927863.237255
-97880193.777734
-111114369.696979
-70171327.911140
-41261656.436802
-51994166.550984
-76119707.050642
-75363041.731915
-56110105.238713
-65187666.704060
-88037043.929680
-112184327.417698
-121056823.081792
-78007924.486851
-61636480.775564
-48174447.883853
-32378021.124655
-51039302.199197
-84975339.647129
-81244871.486649
-72844711.762827
-57268075.949804
-49364660.022081
-70352762.392219
-95155960.229765
-107814837.541518
-132564002.969512
-141622070.752663
-153181921.592461
-187405877.229232
-203108321.298724
-219856954.264282
-196287245.936376
-196287245.936376
-204764883.627711
-169491099.086310
-145493202.560350
-172687955.955787
-215821566.169493
-294208138.470079
-395474838.005801
-326920915.494642
-303313784.536465
-476235227.035895
-813915259.036183
-1093354564.213198
-1185103388.730061
-1426848622.601938
-2079486620.679008
-3021010551.570876
-3828114496.343101
-5351628441.755362
-7867998162.848926
-9693143621.760780
-11754779938.956217
-15772209074.002136
-23079200214.131741
-36342366193.389091
-55426874648.439331
-76709729467.837845
-101840872320.478592
-128496144488.844055
-165684409131.254150
-226320318381.519226
-275114021337.161926
-382039083224.380676
-576532792561.557251
-675565345797.482056
-755878031189.440308
-895979138740.644897
-891008056963.946167
-930570670411.551147
-1182905784337.947021
-1575141258756.071045
-2102917594942.536621
-2857811324892.360840
-3540299695857.910645
-4461090364853.265625
-5820966291935.513672
