26.043848
26.913816
26.014787
26.883785
27.781811
28.709835
27.750811
28.677799
29.635753
30.625705
31.648726
30.591532
31.613412
32.669426
33.760716
34.888459
36.053873
34.849529
36.013643
37.216643
38.459827
39.744540
41.072166
42.444141
41.026337
42.396780
43.813003
45.276532
46.788949
48.351887
49.967034
51.636133
49.911279
51.578516
53.301444
55.081926
56.921882
58.823301
60.788235
62.818805
60.720405
62.748710
64.844768
67.010842
64.772412
66.936070
69.172002
71.482624
73.870429
71.402862
69.017720
71.323188
73.705668
76.167732
78.712039
81.341336
78.624210
81.250573
78.536479
81.159912
83.870977
86.672604
89.567815
86.575892
89.467873
92.456458
95.544873
98.736454
102.034647
105.443012
108.965230
112.605105
116.366566
112.479457
116.236721
120.119492
116.107021
112.228582
115.977466
112.103354
108.358654
111.978266
115.718788
111.853318
108.116970
111.728509
115.460688
119.317537
123.303220
119.184399
115.203163
111.354917
107.635217
111.230664
114.946213
111.106550
107.395147
103.807719
100.340126
103.691888
107.155612
110.735038
114.434031
118.256585
122.206828
126.289025
130.507584
134.867059
130.361960
134.716571
139.216643
134.566250
130.071199
134.416098
138.906133
143.546153
148.341169
143.385981
138.596315
143.225987
148.010307
152.954444
158.063734
163.343695
168.800028
174.438624
180.265572
186.287163
192.509899
198.940500
205.585908
212.453300
219.550090
226.883941
234.462772
242.294767
250.388381
258.752355
267.395718
276.327805
285.558259
295.097047
304.954469
315.141168
325.668144
336.546762
325.304754
336.171234
347.400698
359.005271
370.997483
383.390283
396.197052
409.431618
423.108272
