1.005133
1.063594
1.060788
1.079752
1.083935
1.106370
1.137971
1.176410
1.165130
1.190604
1.231645
1.264210
1.296596
1.352120
1.362593
1.317348
1.368604
1.436215
1.505535
1.456934
1.478312
1.476026
1.526571
1.610760
1.644465
1.652361
1.626585
1.654934
1.653169
1.593828
1.625333
1.658160
1.738838
1.736119
1.654978
1.732236
1.734523
1.726005
1.749302
1.759258
1.753613
1.751672
1.756525
1.771638
1.724349
1.782447
1.805633
1.759014
1.722660
1.808936
1.862181
1.993252
2.043032
2.053522
2.143809
2.150877
2.410221
2.510361
2.747261
2.883857
2.996514
2.995913
3.057611
3.071505
3.052550
3.009732
3.092983
3.181093
3.090317
3.038206
3.112252
3.204877
3.149864
3.136648
3.189707
3.095393
3.198249
3.318837
3.103420
3.124158
3.122171
3.142103
3.119379
3.123467
3.163790
3.296068
3.277305
3.437743
3.374470
3.345836
3.315112
3.449802
3.481909
3.519993
3.516489
3.337030
3.282983
3.363030
3.383233
3.437841
3.426583
3.588412
3.585055
3.449527
3.434100
3.614657
3.656796
3.658682
3.890296
4.137220
4.007554
4.179527
4.345147
4.365616
4.364846
4.376771
4.379281
4.402662
4.384698
4.247470
4.282106
4.224909
4.251190
4.341648
4.357651
4.485656
4.628083
4.617802
4.572606
4.720095
4.707469
4.569031
4.695685
4.746269
4.639619
4.928530
4.966362
5.005082
5.200084
5.430387
5.358568
5.422912
5.362317
5.627940
5.884762
6.188965
6.285340
6.481624
6.516054
6.189766
6.525157
6.705340
6.749781
6.788449
6.703181
6.821523
6.581816
6.896555
6.859420
6.995337
7.456552
7.878085
7.928103
7.825507
8.034284
8.517251
8.603357
8.367690
8.611094
8.120082
8.154122
8.075175
7.977880
8.113824
8.250782
7.869704
8.247721
8.403422
8.662183
8.580314
8.788897
8.763078
8.892290
9.469172
9.095894
9.086736
9.496283
9.443887
9.943293
10.225476
10.089166
10.254619
10.699270
10.062309
10.019014
10.259603
10.158844
10.112701
10.890860
11.136278
11.448474
11.669868
11.611387
12.608326
13.059784
13.268086
12.266986
11.960412
12.424436
12.799349
12.995322
13.146653
13.302333
13.521048
14.207134
14.720329
15.426250
16.077552
16.728472
16.573960
16.347440
16.651274
17.113972
16.901589
16.805785
16.951947
17.029131
17.413533
17.408800
16.759390
16.954657
17.345681
18.093933
19.123053
18.903771
19.660134
20.338203
20.357062
20.266216
19.899474
20.501520
21.180223
22.238205
22.787056
23.036635
21.617105
21.036893
21.173629
22.474516
22.605232
23.179606
23.040133
24.282705
24.132784
24.348549
24.139693
23.682751
24.745368
25.640046
25.946177
26.359810
27.375236
28.359660
28.562599
28.688179
28.684587
30.052401
30.171867
31.000149
31.125346
32.320382
30.501041
31.592293
33.864003
34.350849
34.927392
35.051003
35.132426
34.781857
36.192631
36.843673
35.967860
34.677223
35.301174
35.634896
37.014746
35.702297
38.501466
39.503377
41.004671
42.814940
42.166229
40.863366
42.258642
42.940440
41.406598
41.610125
42.910771
43.383447
43.589039
