1.005133
1.753396
1.694188
2.081849
2.185077
2.763943
3.774400
5.406238
4.742749
6.069963
8.748051
11.708551
15.547650
24.069405
26.455619
15.211885
22.787457
37.196117
60.174788
35.311583
41.943401
41.113241
59.133212
100.873745
127.890291
135.750033
108.645700
132.881743
131.067826
70.850441
88.775838
111.725263
181.302673
177.674045
71.388784
114.043731
115.970896
108.681445
127.457379
136.742194
131.126220
129.268546
133.852482
148.592939
97.827108
140.014571
163.326093
109.353009
80.426114
131.981696
181.704719
345.401114
455.810147
485.765365
759.128909
791.163130
2012.160859
3082.204781
6805.080665
11135.794876
16703.726195
16660.845708
21052.489607
22276.927357
20517.318914
16833.719569
22793.495167
31104.370734
19743.691913
15482.383884
20311.975442
28049.353465
21886.738926
20711.361160
25195.614134
15660.223092
22320.617782
33092.366575
5600.130580
6079.105371
6029.618187
6522.306422
5918.561143
6017.837782
7012.199915
10764.714998
9980.388589
16233.929803
12409.586507
11061.797387
9761.666749
14837.990489
16605.528789
18930.224083
18689.030228
6481.412165
5137.814291
6741.218484
7259.554889
8759.317569
8392.175699
13465.093774
13303.863493
6866.631319
6473.575846
10830.036740
12446.014014
12528.173824
22679.343807
41103.997270
24615.170976
38135.022670
57476.865084
60942.424999
60804.845694
62931.103100
63393.030185
67725.045338
64188.125702
38475.529564
42491.312255
35226.838369
38031.538148
48389.362520
50672.251977
69723.914549
98059.768812
95271.637192
83336.799769
117741.743723
113710.549758
70909.266172
96067.837949
109313.705760
77874.518185
139942.170461
153691.410322
169028.210483
253318.054211
396914.458830
329726.154758
380401.987475
325997.440707
532685.586995
843815.593194
1402119.057446
1681578.921301
2353721.744190
2513749.934770
902634.397202
1528638.585999
2068914.805574
2244421.550994
2408993.057386
2021700.410275
2478539.170197
1363774.125726
2198483.818431
2046966.357450
2566107.293905
4731605.256719
8155262.038605
8817984.616354
7357427.085101
9869801.266949
17463736.217547
19723480.615045
12808315.203361
17577040.678615
4748781.657743
5003581.717066
4383530.434898
3707524.058724
4516144.487977
5491847.929861
2245272.823002
3625689.634085
4501754.476468
6275995.591706
5516783.795101
7233307.790536
6961332.045758
8275124.331247
15146379.626851
7504196.971230
7407492.253849
11680712.043584
10855810.741578
18203544.706466
24815726.121051
20581643.210557
24901681.642034
38721954.170811
9216374.724823
8708813.537150
11385502.832725
9954324.690080
9375613.973738
18609597.218611
23977064.394664
32580491.168555
40644742.572213
38037740.296106
79838808.610875
116428787.424610
140197519.032400
4804055.433506
3267339.312578
4889809.510124
6778383.237592
8106764.269877
9315069.313110
10726930.177725
12984360.705941
21417260.913515
31319377.918628
50543207.103279
77856435.013044
118201497.570564
104227614.471940
85994903.354140
106452165.877956
144313232.396084
121390664.126852
112583632.024348
125116172.488737
132407545.771213
170663062.679414
170069348.620695
88867788.990905
102120453.633548
132265456.372002
205293749.902671
354744106.182624
302678715.669892
457685924.862219
659728622.972003
667558583.919795
629428454.289019
483640198.383683
670923326.899181
955208877.287613
1565917830.561422
2060583631.598898
2349450845.569335
496430943.646342
325887037.695628
352998724.958129
630589863.249756
677533158.648500
897878841.050210
828729186.216367
1400783680.487516
1290089531.312010
1437721907.344611
1279874683.685695
969786675.904189
1526727444.999889
2233244322.153223
2574525970.086115
3099849999.748331
4628242399.229568
6758482738.117108
7377498762.359138
7792663144.957007
7780174726.691291
12528669674.105986
13166137533.760103
17792318450.621143
18712028370.317902
27907539075.372818
7800535756.278829
11372630827.019554
21839598171.824512
25858303310.419010
31413282548.059654
32836241815.682953
33812553038.352772
29494067000.247017
44805912240.881348
55121936674.101433
38350853124.610023
20737066615.867947
25512817701.923603
28599858017.344925
42774380786.120407
23361965184.809650
46805900813.582741
62395705455.820946
92746803753.085693
145154723462.722809
117004925531.172653
70732068103.717667
101644311868.564453
122634264223.981094
66566382103.138626
70754275529.976562
99061739564.508865
113028361280.452118
119884155498.226242
