1.037300
1.004104
1.036238
1.069401
1.103625
1.138944
1.175394
1.137777
1.174190
1.211767
1.250548
1.290569
1.331871
1.374495
1.330507
1.373087
1.417030
1.462379
1.415579
1.460881
1.414129
1.459385
1.506090
1.554289
1.604031
1.552697
1.602388
1.551107
1.501467
1.549518
1.599108
1.650284
1.597470
1.546346
1.595834
1.646905
1.594199
1.645218
1.697870
1.643533
1.590935
1.641850
1.694394
1.640169
1.692659
1.746829
1.690925
1.636811
1.689193
1.743253
1.799042
1.856617
1.916034
1.977353
2.040634
2.105941
2.173337
2.242890
2.314669
2.388746
2.312299
2.386299
2.462668
2.383855
2.307565
2.381414
2.457626
2.378975
2.302840
2.376538
2.452595
2.374104
2.298126
2.371673
2.295772
2.369244
2.445066
2.366817
2.442562
2.364393
2.440061
2.361971
2.437562
2.515571
2.596077
2.512994
2.593418
2.510421
2.430080
2.352310
2.427591
2.505281
2.585457
2.502715
2.422621
2.345090
2.420139
2.497591
2.577522
2.495033
2.574882
2.492478
2.412711
2.335497
2.410240
2.487375
2.566978
2.649129
2.733909
2.646416
2.731109
2.818513
2.908714
2.815626
2.905735
2.998727
3.094695
2.995656
2.899786
2.992588
2.896816
2.989523
3.085196
3.183932
3.285827
3.390984
3.282462
3.177413
3.279100
3.174159
3.072576
3.170908
3.272387
3.167660
3.269035
3.373654
3.481621
3.593043
3.708032
3.589363
3.704234
3.585687
3.700440
3.818865
3.941080
4.067207
4.197369
4.331698
4.193071
4.327261
4.465747
4.608664
4.756155
4.603944
4.751284
4.599229
4.746418
4.594518
4.741556
4.893300
5.049901
5.211513
5.044729
5.206175
5.372788
5.544734
5.367286
5.539055
5.361788
5.533382
5.356297
5.184879
5.350811
5.522053
5.345331
5.516397
5.692939
5.875130
5.687108
5.869113
5.681283
5.863101
6.050738
5.857097
5.669652
5.851098
5.663845
5.845105
6.032166
5.839119
6.025988
6.218838
6.019816
5.827164
6.013651
5.821196
5.634900
5.815234
6.001339
6.193400
6.391607
6.187056
6.385061
6.589402
6.800282
6.582653
6.371988
6.575911
6.786360
7.003544
7.227678
7.458986
7.697696
7.944045
8.198278
8.460648
8.731414
9.010845
8.722471
8.443326
8.713538
8.992397
8.704613
8.426040
8.695698
8.973987
9.261181
8.964795
8.677895
8.955614
9.242220
9.537999
9.843244
9.528230
9.833162
10.147853
10.472615
10.137460
9.813030
10.127077
10.451174
10.785643
11.130816
11.487035
11.119415
10.763561
11.108027
11.463517
11.830384
12.208992
11.818268
12.196488
11.806163
12.183996
11.794072
11.416626
11.781992
12.159051
12.548177
12.949757
13.364188
13.791882
14.233264
14.688771
14.218686
14.673727
15.143330
15.627962
16.128103
16.644251
16.111585
16.627204
17.159325
17.708475
18.275199
18.860060
19.463639
18.840744
19.443704
20.065961
19.423790
18.802170
19.403896
20.024879
20.665735
20.004370
20.644570
21.305258
21.987090
22.690743
21.964571
21.261639
21.942075
22.644287
21.919602
22.621095
23.345038
24.092149
24.863170
