1615.000
1698.000
1701.000
1727.000
1787.000
1842.000
1884.000
1898.000
1903.000
1956.000
1926.000
2011.000
2098.000
2125.000
2195.000
2180.000
2155.000
2181.000
2191.000
2233.000
2220.000
2401.000
2351.000
2403.000
2366.000
2387.000
2362.000
2401.000
2436.000
2301.000
2477.000
2489.000
2506.000
2517.000
2535.000
2584.000
2687.000
2675.000
2734.000
2809.000
2790.000
2824.000
2843.000
2790.000
2786.000
2700.000
2801.000
2754.000
2781.000
2822.000
2955.000
2739.000
2967.000
2974.000
2855.000
3075.000
3203.000
3254.000
3343.000
3329.000
3533.000
3597.000
3631.000
3770.000
3855.000
3941.000
3944.000
4065.000
4070.000
4044.000
3914.000
4104.000
3730.000
3675.000
3645.000
3567.000
3538.000
3572.000
3460.000
3450.000
3374.000
3443.000
3441.000
3255.000
3348.000
3441.000
3488.000
3513.000
3471.000
3377.000
3427.000
3392.000
3482.000
3500.000
3556.000
3681.000
3813.000
3847.000
3951.000
3874.000
3952.000
4109.000
4388.000
4378.000
4348.000
4444.000
4527.000
4644.000
4565.000
4669.000
4567.000
4690.000
4733.000
4804.000
4885.000
4837.000
4915.000
4788.000
4681.000
4847.000
5012.000
4880.000
5044.000
5051.000
4920.000
5033.000
4897.000
4960.000
5084.000
5012.000
4980.000
5005.000
5063.000
4984.000
5023.000
4969.000
5112.000
5049.000
5071.000
5155.000
5026.000
5119.000
5154.000
5102.000
5073.000
5250.000
5237.000
5340.000
5523.000
5449.000
5539.000
5502.000
5462.000
5556.000
5648.000
5629.000
5646.000
5571.000
5592.000
5623.000
5600.000
5628.000
5790.000
5652.000
5966.000
6149.000
6035.000
6464.000
5978.000
6363.000
6396.000
6431.000
6569.000
7041.000
6708.000
6946.000
7280.000
6773.000
7101.000
7391.000
7420.000
7335.000
7613.000
7621.000
7949.000
8146.000
8021.000
8336.000
8413.000
8437.000
8669.000
8963.000
8962.000
