1615.000000
2493.783001
2540.432371
2951.563374
4037.275230
5352.893964
6645.159792
7167.984521
7367.912884
9540.539615
7991.263240
11725.326188
17096.085255
19425.562702
26200.671420
24304.957888
21353.871363
24081.631954
25250.683887
30375.562850
28503.232322
53108.226586
41398.595875
51093.418794
42763.965991
46782.670600
41594.955054
48866.537426
56408.615196
23310.331225
42187.986398
44351.938242
47559.242669
49769.536969
53537.932195
64494.720348
91713.737196
87377.115629
107781.781363
139086.634114
129125.912231
145786.551892
156171.633840
125346.517897
123443.812207
83098.765795
116010.876733
95400.448612
105303.152667
121740.351044
182488.456239
41255.770386
77616.372898
79555.192458
45851.453459
83260.206362
119955.121489
140177.656101
180770.998034
172755.620741
284841.812470
339473.376272
373447.460097
524811.118681
650091.814842
803642.699137
810119.810716
1073268.536644
1087245.776163
1013708.045616
668684.563556
1012367.232573
35566.706145
30014.046428
27419.914754
21207.410125
19381.892296
21353.955453
14264.898591
13828.386633
10603.090723
12898.922405
12819.590121
5482.802184
7141.388537
9241.700067
10578.198980
11380.946217
9940.314186
7090.103878
8201.567100
7314.708591
9369.592304
9882.415886
11556.536192
15857.635791
21878.379047
23943.905727
30797.362880
24442.579064
29653.153087
42125.757585
72410.183215
70663.007508
65536.268958
80856.558232
96845.615139
123346.409026
101130.456141
125524.178615
96490.153975
124004.592470
136042.110131
157649.323417
185792.796198
166463.809138
194884.975620
141568.416591
108071.906179
148649.455436
202226.382662
145836.104434
197727.175635
200632.488319
145539.194031
180930.522211
129166.576900
146760.559203
185607.150963
157776.381487
147110.801856
154929.938156
173939.093261
145203.516347
157233.561629
139336.596628
181792.275941
158071.511206
165363.978172
194366.124683
142868.740279
170858.633055
183227.314298
163654.525928
153805.594380
210623.352220
205101.381181
247811.107729
337726.523492
289816.608417
340498.466257
316416.659118
292060.864619
345278.194363
405812.044493
391358.066115
403872.047859
347069.509826
360921.307958
382105.436778
365557.398202
384909.544433
502216.337191
375481.820195
596343.293268
790015.693588
634941.464115
1112819.711111
226963.394725
381725.344478
402686.082374
426016.889538
522806.991870
920536.377073
459585.761229
632230.768384
954108.454347
250586.136343
379071.412759
542980.515960
565537.581248
496944.542099
696358.777623
704106.441417
1024957.705424
1293902.553271
1083684.150425
1534281.169247
1684333.079660
1735206.611132
2240396.540396
3044860.840122
3041264.029207
