1663.023640
1712.475311
1763.397477
1815.833864
1869.829500
1925.430750
1982.685359
2041.642491
2102.352772
2039.837210
2100.493809
2162.954093
2227.271696
2293.501847
2225.302276
2159.130687
2223.334598
2289.447675
2357.526691
2287.423278
2355.442096
2285.400670
2353.359344
2283.379851
2351.278434
2281.360819
2349.199364
2419.055156
2347.122132
2416.916156
2488.785575
2562.792102
2638.999288
2717.472571
2798.279336
2881.488970
2795.805014
2878.941072
2964.549264
2876.395427
2961.927921
3050.003810
2959.308896
2871.310887
2785.929587
2868.771989
2783.466185
2866.235335
2951.465709
3039.230494
2948.855936
3036.543116
3126.837762
3033.858114
3124.072919
3216.970351
3312.630182
3411.134553
3309.701056
3408.118326
3509.462133
3613.819499
3721.280035
3831.936019
3945.882468
4063.217229
4184.041057
4308.457701
4180.341403
4056.034771
4176.645021
4052.448305
3931.944702
3815.024394
3701.580829
3591.510622
3698.307781
3588.334901
3481.632175
3378.102360
3478.553612
3375.115342
3274.752912
3372.130965
3472.404651
3575.660076
3681.985904
3572.498371
3466.266559
3569.339462
3463.201583
3566.183346
3672.227374
3781.424727
3893.869173
4009.657266
4128.888435
4251.665061
4125.237549
4247.905613
4374.221334
4504.293180
4370.353518
4240.396685
4366.489121
4496.331042
4630.033942
4492.355252
4625.939928
4488.382978
4621.849535
4759.284852
4900.806947
5046.537342
4896.473508
5042.075044
4892.143900
4746.671109
4887.818122
5033.162281
4883.496168
5028.711810
5178.245584
5024.265273
5173.666826
5019.822669
5169.092116
5322.800239
5164.521451
5010.949241
5159.954828
5313.391244
5155.392242
5308.692986
5150.833692
5303.998882
5146.279171
5299.308929
5456.889179
5294.623123
5452.064036
5614.186612
5447.243159
5285.263936
5442.426545
5280.590549
5437.614189
5599.307085
5432.806089
5594.356011
5428.002241
5266.595166
5423.202640
5584.466994
5418.407283
5579.529042
5413.616167
5574.595457
5740.361628
5569.666234
5735.285829
5905.830289
5730.214519
5900.608178
6076.068663
5895.390685
6070.696023
5890.177806
6065.328133
6245.686730
6431.408471
6622.652833
6819.584038
6616.796887
6813.553959
7016.161800
6807.529213
7009.957901
7218.406009
7433.052530
7212.023280
7426.480005
7647.313814
7874.714338
8108.876843
7867.751281
8101.706734
8342.619085
8590.695206
8846.148119
9109.197179
8838.326092
