1.200000
1.440000
1.152000
0.921600
1.105920
0.884736
1.061683
1.274020
1.019216
0.815373
0.978447
0.782758
0.626206
0.751447
0.601158
0.721390
0.577112
0.461689
0.369351
0.295481
0.236385
0.189108
0.226930
0.181544
0.145235
0.174282
0.209138
0.167311
0.200773
0.240927
0.192742
0.231290
0.277548
0.333058
0.266446
0.319736
0.383683
0.306946
0.245557
0.196446
0.235735
0.188588
0.226305
0.271566
0.325880
0.391055
0.312844
0.375413
0.450496
0.540595
0.432476
0.345981
0.415177
0.498212
0.597855
0.717426
0.860911
0.688729
0.826475
0.661180
0.793416
0.952099
1.142519
0.914015
1.096818
0.877454
1.052945
1.263534
1.516241
1.212993
1.455591
1.746710
1.397368
1.676841
1.341473
1.609767
1.931721
2.318065
1.854452
2.225343
2.670411
3.204493
3.845392
3.076314
3.691576
4.429892
3.543913
4.252696
3.402157
2.721725
2.177380
2.612856
2.090285
2.508342
3.010011
2.408008
2.889610
2.311688
2.774026
3.328831
2.663065
2.130452
2.556542
2.045234
2.454280
1.963424
1.570739
1.884887
1.507910
1.809492
2.171390
2.605668
2.084535
2.501442
3.001730
3.602076
2.881661
2.305329
1.844263
1.475410
1.180328
0.944263
1.133115
1.359738
1.631686
1.958023
1.566418
1.253135
1.503762
1.203009
0.962407
1.154889
0.923911
0.739129
0.886955
0.709564
0.851476
1.021772
1.226126
1.471351
1.177081
1.412497
1.129998
0.903998
1.084798
0.867838
1.041406
1.249687
1.499625
1.799550
2.159459
1.727568
1.382054
1.658465
1.326772
1.061418
0.849134
1.018961
0.815169
0.978202
0.782562
0.626050
0.751259
0.901511
0.721209
0.576967
0.692361
0.830833
0.664666
0.531733
0.638080
0.765696
0.612556
0.490045
0.588054
0.705665
0.846798
0.677438
0.541951
0.650341
0.520273
0.624327
0.749193
0.899031
0.719225
0.863070
0.690456
0.828547
0.662838
0.530270
0.636324
0.509059
0.407248
0.488697
0.586436
0.703724
0.844468
0.675575
0.810690
0.972828
0.778262
0.622610
0.498088
0.398470
0.478164
0.573797
0.459038
0.550845
0.440676
0.352541
0.423049
0.507659
0.609191
0.731029
0.877235
1.052682
0.842145
1.010574
0.808459
0.970151
1.164182
1.397018
1.676422
2.011706
1.609365
1.931238
2.317485
2.780982
3.337179
2.669743
2.135794
1.708635
1.366908
1.093527
1.312232
1.574678
1.889614
1.511691
1.814030
1.451224
1.160979
1.393175
1.671810
2.006172
1.604937
1.925925
2.311110
1.848888
1.479110
1.183288
0.946630
1.135957
1.363148
1.090518
0.872415
0.697932
0.558345
0.446676
0.357341
0.428809
0.343047
0.274438
0.329326
0.395191
0.316152
0.379383
0.303506
0.242805
0.291366
0.349639
0.419567
0.503481
0.604177
0.483341
0.386673
0.464008
0.556809
0.668171
0.801805
0.962167
1.154600
1.385520
1.662624
1.330099
1.596119
1.276895
1.021516
0.817213
0.980655
1.176786
1.412144
1.129715
1.355658
1.626790
1.952148
2.342577
1.874062
1.499249
1.199399
1.439279
