1.200000
1.324416
1.187101
1.064022
1.174340
1.052584
1.161716
1.282163
1.149228
1.030076
1.136874
1.019003
0.913353
1.008049
0.903535
0.997214
0.893823
0.801151
0.718087
0.643636
0.576904
0.517091
0.570703
0.511533
0.458497
0.506034
0.558499
0.500594
0.552496
0.609778
0.546556
0.603223
0.665765
0.734792
0.658608
0.726894
0.802258
0.719079
0.644525
0.577701
0.637597
0.571491
0.630742
0.696138
0.768314
0.847972
0.760054
0.838857
0.925830
1.021820
0.915878
0.820920
0.906032
0.999969
1.103647
1.218073
1.344363
1.204979
1.329912
1.192026
1.315616
1.452019
1.602564
1.436410
1.585337
1.420969
1.568295
1.730896
1.910356
1.712290
1.889820
2.085757
1.869506
2.063336
1.849409
2.041155
2.252783
2.486351
2.228566
2.459624
2.714638
2.996091
3.306726
2.963885
3.271180
3.610337
3.236017
3.571527
3.201231
2.869327
2.571836
2.838483
2.544190
2.807971
3.099102
2.777787
3.065788
2.747927
3.032832
3.347276
3.000231
2.689167
2.967979
2.660259
2.936075
2.631662
2.358812
2.603373
2.333456
2.575389
2.842404
3.137105
2.811850
3.103383
3.425141
3.780260
3.388323
3.037022
2.722143
2.439911
2.186941
1.960200
2.163432
2.387737
2.635298
2.908526
2.606969
2.336679
2.578946
2.311560
2.071898
2.286713
2.049626
1.837121
2.027594
1.817373
2.005797
2.213759
2.443282
2.696601
2.417017
2.667614
2.391036
2.143133
2.365333
2.120095
2.339907
2.582508
2.850263
3.145779
3.471932
3.111963
2.789314
3.078510
2.759331
2.473244
2.216817
2.446657
2.192988
2.420356
2.169414
1.944490
2.146093
2.368600
2.123024
1.902908
2.100203
2.317952
2.077626
1.862218
2.055293
2.268386
2.033199
1.822397
2.011343
2.219879
2.450037
2.196016
1.968334
2.172411
1.947175
2.149057
2.371873
2.617788
2.346376
2.589648
2.321153
2.561810
2.296202
2.058131
2.271518
2.036007
1.824915
2.014121
2.222944
2.453421
2.707790
2.427047
2.678684
2.956410
2.649888
2.375149
2.128893
1.908169
2.106008
2.324359
2.083370
2.299373
2.060974
1.847293
2.038819
2.250205
2.483506
2.740996
3.025183
3.338833
2.992662
3.302941
2.960492
3.267436
3.606206
3.980096
4.392753
4.848193
4.345533
4.796078
5.293334
5.842147
6.447862
5.779347
5.180144
4.643067
4.161673
3.730192
4.116938
4.543781
5.014881
4.494938
4.960974
4.446620
3.985594
4.398821
4.854891
5.358246
4.802702
5.300647
5.850219
5.243668
4.700004
4.212707
3.775933
4.167424
4.599502
4.122625
3.695192
3.312075
2.968677
2.660885
2.385005
2.632281
2.359366
2.114748
2.334007
2.575996
2.308914
2.548305
2.284095
2.047281
2.259543
2.493811
2.752371
3.037738
3.352691
3.005082
2.693516
2.972781
3.280997
3.621171
3.996613
4.410985
4.868315
5.373062
5.930141
5.315303
5.866394
5.258166
4.713000
4.224356
4.662336
5.145727
5.679238
5.090414
5.618188
6.200683
6.843569
7.553110
6.770004
6.068089
5.438949
6.002860
