635.710
743.430
797.960
919.560
985.730
1097.830
1088.860
1091.160
1002.950
1029.490
1050.110
1055.730
1152.010
1292.550
1282.990
1275.310
1263.230
1482.980
1668.680
1902.590
2108.208
2457.086
2606.877
2484.312
1900.770
1686.360
1538.900
1487.390
1573.249
1799.037
1804.648
1754.684
1837.469
2125.725
2300.642
2345.315
2534.788
2864.818
3068.768
3039.544
3224.636
3361.640
3211.540
3182.910
3048.520
3203.910
3237.100
3148.200
3326.050
3368.568
3373.516
3405.400
3710.302
3889.136
4191.906
4581.339
4990.675
5477.824
5804.717
6020.662
6609.380
7309.560
7932.260
8653.720
