635.710000
1272.209168
1823.594782
3465.629327
4939.178620
8258.152739
7859.456853
7957.552519
4156.442904
4806.340529
5375.170619
5545.149619
8533.269265
14684.480560
14042.723545
13546.027400
12787.860859
25932.414717
45120.032702
82492.057577
135170.090854
267342.932740
363644.990237
262620.880178
-101878.446343
-33973.833636
-16420.080423
-13172.514876
-17665.460490
-32646.082649
-33247.717166
-27808.604914
-35560.956030
-68524.451509
-101841.920582
-113526.797727
-167720.152139
-296752.476287
-421583.496488
-397860.983173
-541017.809029
-676838.396785
-498265.323549
-472018.897667
-354257.357545
-460954.894036
-489170.336821
-409791.038770
-546581.403438
-587867.174568
-592969.463853
-626084.394554
-957311.992902
-1229955.917775
-1795740.035601
-2781488.650233
-4249962.779770
-6701221.481526
-9064163.220020
-11056631.032291
-17444961.592379
-28364907.632759
-42643010.264150
-65560374.475577
