691.268511
751.682614
817.376668
888.812119
966.490743
882.023318
959.108628
875.286370
951.782898
1034.964916
1125.416710
1223.773628
1330.726549
1214.426371
1108.290364
1011.430219
1099.825175
1195.945496
1300.466348
1414.121905
1537.710503
1672.100250
1525.965377
1392.602107
1270.894253
1159.823179
1058.459272
1150.964379
1251.554062
1360.934881
1241.994616
1350.539977
1468.571769
1596.919067
1736.483406
1888.245110
2053.270180
2232.717780
2037.587177
2215.664146
2409.304330
2198.740769
2006.579620
1831.212588
1991.253243
2165.280812
1976.043930
2148.742265
2336.533744
2540.737447
2762.787737
3004.244334
3266.803272
3552.308811
3862.766392
4200.356723
4567.451099
4966.628056
5400.691481
5872.690314
6385.939957
6944.045565
7550.927371
