11439.000
11089.000
10915.000
10464.000
10032.000
11233.000
12492.000
11489.000
11212.000
11869.000
11796.000
12714.000
11781.000
11615.000
11529.000
11569.000
11469.000
13078.000
12211.000
12618.000
13209.000
12658.000
13632.000
12648.000
13416.000
14213.000
15354.000
15807.000
12887.000
13528.000
13939.000
13534.000
14283.000
14296.000
13930.000
15230.000
14004.000
13596.000
14650.000
15267.000
14671.000
15763.000
16153.000
15179.000
16550.000
17101.000
16505.000
17115.000
17969.000
18534.000
18828.000
17950.000
20508.000
18954.000
18656.000
20101.000
18869.000
18514.000
19384.000
16960.000
21404.000
21479.000
19460.000
17856.000
19115.000
19824.000
18429.000
18565.000
19673.000
19279.000
18816.000
18928.000
18418.000
19800.000
18902.000
17951.000
17742.000
20213.000
18741.000
18376.000
19073.000
18540.000
17813.000
19632.000
18074.000
18279.000
18408.000
20881.000
19323.000
21154.000
21255.000
20078.000
21184.000
20738.000
20918.000
20405.000
21248.000
21302.000
20911.000
19400.000
23125.000
20581.000
21806.000
21688.000
21495.000
20416.000
21365.000
23809.000
21697.000
20347.000
20609.000
20569.000
19937.000
21286.000
20646.000
20900.000
23324.000
21368.000
22428.000
23055.000
22685.000
21777.000
22780.000
22683.000
23246.000
22291.000
22817.000
22147.000
22433.000
23004.000
20962.000
21896.000
21522.000
23509.000
21001.000
22115.000
22809.000
21277.000
23052.000
22726.000
21843.000
23239.000
22400.000
21392.000
23836.000
22793.000
22960.000
22516.000
23071.000
22950.000
24261.000
23825.000
24851.000
24586.000
24715.000
27140.000
25817.000
24693.000
24671.000
26086.000
24595.000
25715.000
27023.000
26650.000
26875.000
28422.000
27271.000
27474.000
28716.000
28266.000
28959.000
30241.000
29159.000
30234.000
30347.000
30114.000
31406.000
32350.000
32301.000
33382.000
33478.000
