11439.000000
10732.395850
10392.409339
9525.493005
8731.564093
10841.919831
13295.183924
11140.063977
10597.821714
11851.560406
11704.399516
13543.329501
11536.857884
11208.670702
11041.121838
11118.459261
10924.434603
14018.557787
12142.314117
12959.371918
14184.803450
12990.229278
15008.218403
12821.097448
14392.808488
16118.999925
18731.438700
19847.160556
12445.316678
13695.058468
14535.060347
13682.454348
15211.173804
15239.124639
14451.472047
17174.251487
14383.144240
13537.144876
15655.821482
16986.985407
15648.181388
17999.626969
18898.704979
16598.079375
19624.715912
20943.777637
19470.149482
20922.902317
23030.613181
24492.582235
25276.952074
22897.246814
29484.850929
24974.246089
24181.533210
27962.834536
24502.784521
23572.098804
25808.374714
19292.720782
29498.585815
29707.263330
24069.679066
20064.333723
22920.440469
24636.779313
21136.723327
21451.630781
24036.349331
23064.492534
21946.217753
22209.947150
21001.796440
24183.283481
21968.993206
19737.523209
19273.586826
24692.857643
21062.440527
20234.275407
21783.725499
20554.735085
18927.520965
22829.612982
19171.900228
19610.908681
19890.319446
25285.020810
21476.225665
25584.693475
25831.307194
22943.488807
25495.028180
24411.374459
24839.140207
23609.319206
25578.486342
25709.724063
24757.011413
21145.441564
29342.337948
22825.480521
25568.302902
25288.973893
24834.637891
22317.830581
24412.211493
30050.062152
24668.525867
21569.783880
22130.515231
22043.798533
20676.389411
23500.846513
22074.327509
22622.596161
27919.680793
23192.693816
25515.437695
26955.522790
26082.164401
23974.512753
26203.773202
25978.510139
27280.268219
25017.646699
26209.467022
24655.711843
25298.513241
26598.538799
21831.833556
23795.702537
22975.136593
27257.479907
21386.816023
23677.153549
25177.218820
21763.180323
25428.555748
24702.552067
22764.847048
25702.131515
23828.769087
21663.946743
26660.787743
24305.564664
24665.089449
23702.143478
24881.642283
24618.187472
27457.310524
26461.116514
28761.661637
28142.471376
28440.578397
34074.329966
30720.929155
28020.685075
27970.284474
31209.014215
27607.722151
30145.829057
33241.512803
32315.186086
32865.993916
36685.408049
33686.092340
34192.329183
37312.917853
36132.445227
37920.885218
41310.037403
38326.064739
41178.647193
41489.362787
40846.253086
44384.225408
47077.596238
46933.635450
50104.677940
50395.578994
