10725.160644
10055.867719
9428.341350
8839.975136
9391.624945
9977.699908
9355.051523
8771.258888
9318.620527
8737.101332
9282.331403
8703.076794
8159.969990
7650.755223
8128.192952
7620.961199
8096.539662
7591.283200
8065.009637
8568.298499
8033.602399
8534.931323
8002.317469
8501.694088
9032.233806
9595.881325
10194.702703
9558.512475
10155.001888
10788.714626
10115.455678
10746.700574
11417.337677
10704.850137
11372.875605
10663.162675
9997.738672
10621.637556
11284.470226
10580.274146
11240.525574
11941.979332
11196.752053
11895.474169
12637.799339
11849.150109
12588.584472
13374.162497
14208.763734
15095.447426
14153.431125
15036.661841
14098.313995
13218.522809
14043.411506
13167.046454
12345.370087
13115.770562
12297.294016
13064.694352
13879.983538
13013.817046
12201.702807
12963.137869
13772.089524
12912.656049
13718.457438
14574.544056
13665.034208
12812.281414
13611.819023
12762.387069
13558.811071
12712.687025
11919.364504
11175.548482
11872.947409
11132.027999
10437.344924
11088.676996
10396.699197
9747.903580
10356.211755
9709.942717
10315.881982
10959.634281
11643.559299
10916.954625
11598.216261
12321.991349
11553.049800
12274.006320
11508.059230
12226.208158
11463.243864
12178.596134
12938.589247
12131.169524
11374.136021
12083.927605
11329.842187
12036.869659
11285.720845
10581.446721
9921.122120
10540.239825
11197.992951
10499.193399
9844.001734
10458.306818
9805.666639
9193.753818
9767.480832
9157.950958
9729.443729
10336.599936
9691.554753
10296.346536
10938.879745
10256.249894
9616.218875
10216.309398
9578.770826
10176.524441
9541.468610
10136.894417
9504.311658
10097.418723
10727.538040
10058.096757
10685.762227
10018.927921
10644.149099
9979.911618
10602.698023
11264.348790
10561.408368
11220.482496
10520.279506
9863.771984
10479.310811
9825.359899
9212.218140
9787.097401
9176.343375
9748.983907
9140.608315
9711.018836
9105.012417
9673.201612
9069.555138
9635.531657
9034.235940
9598.008399
10196.962515
9560.631266
8964.009633
8404.619576
8929.101456
8371.889809
8894.329220
9449.370941
8859.692397
9412.572641
9999.954824
9375.917643
9961.012408
10582.619426
9922.221643
10541.407963
11199.233985
10500.356988
11155.621265
11851.776655
11112.178384
11805.622764
12542.340847
11759.648609
12493.497721
13273.141952
