913.680
1045.980
1091.740
1232.240
1308.460
1426.660
1385.910
1381.030
1303.890
1359.460
1377.830
1381.720
1481.850
1630.580
1583.050
1563.270
1566.950
1829.650
2046.520
2320.030
2570.914
2973.820
3107.170
2946.626
2282.067
2065.989
1892.899
1849.691
1945.535
2204.820
2208.682
2149.515
2237.653
2536.182
2723.497
2761.908
2995.119
3346.000
3558.420
3518.560
3688.590
3841.030
3678.300
3621.300
3489.980
3657.480
3695.940
3602.100
3787.623
3831.207
3861.650
3895.800
4194.452
4391.402
4720.372
5104.530
5562.216
6094.153
6433.616
6654.029
7306.720
8074.960
8714.080
9465.840
