913.680000
1745.643920
2225.889021
4027.268690
5593.763267
8771.411045
7195.900771
7036.564515
4564.943702
5788.374802
6280.237644
6391.737599
9304.518094
15177.151163
12395.128837
11421.199723
11590.271143
23809.482534
41556.528096
76481.906560
128491.411301
255120.923235
327060.697057
220792.803922
-92346.866542
-37361.266034
-17677.408840
-15139.944329
-20073.211923
-36896.073156
-37302.482725
-31018.590273
-39016.737893
-71750.007715
-105074.131646
-114393.128611
-175134.474300
-304155.966692
-425581.622153
-395603.280725
-515820.070413
-649874.583662
-476735.894337
-430278.996262
-332158.177305
-432407.505277
-461000.865223
-387395.499414
-512865.879083
-549977.403608
-577458.959981
-609572.159046
-903430.854021
-1170190.617038
-1721447.923908
-2602440.387871
-4069802.515816
-6517345.533459
-8800285.475056
-10696220.626080
-17294002.224977
-28728434.573493
-43027203.184142
-66369599.405127
