986.746990
1065.657146
1150.877748
1242.913442
1342.309230
1234.964761
1136.204629
1045.342345
1128.938372
1219.219574
1316.720563
1422.018706
1535.737542
1412.924611
1299.933030
1403.888674
1516.157651
1637.404779
1768.348039
1909.762832
2062.486565
2227.423616
2049.296549
1885.414304
1734.637722
1595.918744
1468.293122
1585.712523
1712.521953
1849.472334
1701.570031
1837.644587
1984.601024
2143.309568
2314.710034
2499.817396
2699.727793
2915.625025
2682.462491
2896.979017
3128.650429
2878.452254
2648.262427
2436.480881
2631.326257
2841.753418
2614.498397
2823.579834
3049.381513
3293.240553
3556.601000
3841.022382
4148.188941
4479.919611
4838.178782
5225.087940
5642.938222
6094.203992
6581.557485
7107.884637
7676.302172
8290.176056
8953.141435
