1.442000
1.485260
1.440702
1.483923
1.528441
1.574294
1.621523
1.572877
1.620064
1.668666
1.618606
1.570047
1.617149
1.568634
1.615693
1.567223
1.520206
1.565812
1.518838
1.473273
1.429074
1.471947
1.427788
1.384955
1.426503
1.469298
1.425219
1.467976
1.512015
1.557376
1.604097
1.652220
1.701787
1.650733
1.700255
1.751263
1.803800
1.749686
1.697196
1.748112
1.695668
1.746538
1.798935
1.852903
1.908490
1.851235
1.906772
1.963975
2.022894
2.083581
2.021074
2.081706
2.144157
2.208482
2.274736
2.342978
2.272689
2.340870
2.270644
2.338763
2.408926
2.481194
2.406758
2.478961
2.553329
2.629929
2.708827
2.790092
2.706389
2.787581
2.871208
2.785072
2.868624
2.782566
2.866043
2.952024
3.040584
3.131802
3.225756
3.322529
3.422205
3.524871
3.630617
3.739535
3.851721
3.736170
3.848255
3.963703
3.844791
3.729448
3.841331
3.726091
3.837874
3.953010
3.834420
3.949452
4.067936
4.189974
4.315673
4.186203
4.060617
4.182436
4.056963
4.178671
4.053311
3.931712
4.049663
3.928173
4.046019
4.167399
4.292421
4.163648
4.288558
4.417215
4.549731
4.413239
4.545636
4.409267
4.276989
4.148680
4.273140
4.401334
4.533374
4.669375
4.809457
4.665173
4.805128
4.949282
4.800804
4.656779
4.796483
4.652588
4.513011
4.648401
4.508949
4.644217
4.783544
4.927050
5.074862
4.922616
5.070294
4.918186
4.770640
4.913759
4.766346
4.909337
5.056617
5.208315
5.364565
5.525502
5.359737
5.520529
5.686145
5.515560
5.681027
5.510596
5.675914
5.505637
5.670806
5.840930
5.665702
5.835673
6.010744
6.191066
6.376798
6.568102
6.765145
6.562190
6.365325
6.556284
6.752973
6.955562
6.746895
6.949302
7.157781
7.372515
7.151339
6.936799
7.144903
6.930556
7.138473
7.352627
7.573206
7.346009
7.566390
7.793381
8.027183
8.267998
8.019958
8.260557
8.012740
8.253123
8.500716
8.755738
9.018410
9.288962
9.010293
9.280602
9.559020
9.845791
9.550417
9.263905
8.985988
9.255567
9.533234
9.819231
10.113808
9.810394
9.516082
9.801565
10.095611
10.398480
10.710434
11.031747
11.362700
11.021819
11.352473
11.011899
11.342256
11.682524
12.032999
12.393989
12.765809
12.382835
12.754320
13.136949
13.531058
13.936990
13.518880
13.113314
13.506713
13.101512
13.494557
13.899394
14.316375
14.745867
14.303491
14.732595
15.174573
14.719336
15.160916
15.615744
16.084216
16.566742
17.063745
17.575657
17.048387
17.559839
17.033044
16.522052
17.017714
17.528245
18.054093
17.512470
16.987096
17.496709
16.971808
17.480962
18.005391
18.545552
17.989186
18.528861
19.084727
18.512185
19.067551
18.495524
17.940659
18.478878
19.033245
19.604242
20.192369
20.798140
21.422085
22.064747
22.726690
23.408490
24.110745
24.834067
25.579089
26.346462
27.136856
27.950962
27.112433
27.925806
28.763580
27.900673
28.737693
29.599823
30.487818
31.402453
32.344526
33.314862
34.314308
35.343737
36.404049
37.496171
38.621056
37.462424
38.586297
