1.442000
1.993661
1.230949
1.701869
2.352952
3.253108
4.497644
2.776984
3.839381
5.308203
3.277461
2.023592
2.797761
1.727419
2.388272
1.474614
0.910472
1.258787
0.777221
0.479883
0.296292
0.409646
0.252927
0.156167
0.215910
0.298510
0.184310
0.254822
0.352307
0.487090
0.673433
0.931067
1.287264
0.794796
1.098859
1.519248
2.100452
1.296889
0.800748
1.107089
0.683548
0.945051
1.306602
1.806463
2.497555
1.542069
2.132012
2.947647
4.075313
5.634397
3.478879
4.809777
6.649833
9.193848
12.711084
17.573915
10.850754
15.001910
9.262688
12.806267
17.705525
24.479089
15.114183
20.896387
28.890558
39.943141
55.224080
76.351022
47.141583
65.176454
90.110664
55.637424
76.922407
47.494705
65.664600
90.785602
125.516864
173.535684
239.924609
331.712068
458.614212
634.064463
876.636088
1212.006259
1675.679238
1034.623724
1430.435913
1977.674662
1221.076482
753.936287
1042.366040
643.591303
889.808473
1230.218879
759.579342
1050.167558
1451.928145
2007.387082
2775.345109
1713.592158
1058.029400
1462.797801
903.180489
1248.704705
770.992412
476.037221
658.152634
406.365151
561.827979
776.763622
1073.927558
663.077499
916.749980
1267.468667
1752.358275
1081.964079
1495.886931
923.610800
570.268128
352.103694
486.806395
673.042001
930.525393
1286.512809
1778.692352
1098.222592
1518.365371
2099.241984
1296.144478
800.279784
1106.441529
683.152388
421.802259
583.169348
360.068246
497.817874
688.267065
951.574510
1315.616423
812.304979
1123.064772
693.419949
428.139840
591.931640
365.477976
505.298271
698.608399
965.871782
1335.383424
1846.256760
1139.940733
1576.043754
2178.986022
1345.375441
1860.071852
1148.469583
1587.836074
980.384429
1355.446576
1873.994696
1157.066395
1599.721265
2211.724118
3057.854526
4227.687844
5845.060770
8081.185465
4989.583431
3080.741951
4259.326480
5888.806762
8141.665783
5026.933808
6950.072510
9608.937772
13285.006759
8202.593457
5064.557161
7002.088158
4323.323803
5977.285896
8263.994169
11425.525539
7054.484619
9753.304177
13484.581674
18643.345623
25775.653577
15914.745493
22003.203101
13585.501331
18782.878496
25968.561562
35903.287682
49638.681212
68628.764633
42373.674177
58584.441773
80996.891161
111983.644504
69142.396490
42690.867885
26358.773961
36442.738137
50384.514245
69659.948227
96309.528289
59464.742869
36715.500889
50761.654003
70181.307690
97030.395562
134150.942313
185472.617055
256428.383179
158327.433097
218898.125948
135155.047742
186860.867635
258347.672879
357182.676169
493828.870957
682751.500405
421553.723432
582826.101709
805795.587163
1114066.528151
1540271.511828
951014.561254
587188.455777
811826.942266
501249.319392
693010.421699
958133.293992
1324682.427284
1831462.644015
1130806.113218
1563414.095098
2161524.406646
1334597.579017
1845170.024767
2551071.365323
3527025.550330
4876346.592597
6741876.999163
9321092.601425
5755151.376070
7956882.094703
4912845.270048
3033351.962863
4193812.322043
5798223.774848
8016433.620250
4949612.195960
3056055.950277
4225201.343250
2608781.008994
3606813.175833
4986660.014116
6894387.302076
4256827.233962
5885345.660853
8136883.381857
5023982.050623
6945991.640989
4288684.635160
2647979.007494
3661006.042860
5061586.564374
6997979.643670
9675172.159159
13376570.029298
18494006.309057
25569190.477681
35351118.996414
48875264.632975
67573319.367949
93424605.954776
129165744.936978
178580273.814083
246899144.810129
341354563.124513
210763666.230878
291394819.061498
402872737.779562
248747131.527007
343909469.218427
475477645.639152
657379603.938154
908871249.852310
1256574870.519057
1737298630.765840
2401931258.460645
3320829863.328471
4591268520.771125
6347735636.328213
8776167376.633818
5418697408.461866
7491710894.035193
