3780.800
3784.300
3807.500
3814.600
3830.800
3732.600
3733.500
3808.500
3860.500
3844.400
3864.500
3803.100
3756.100
3771.100
3754.400
3759.600
3783.500
3886.500
3944.400
4012.100
4089.500
4144.000
4166.400
4194.200
4221.800
4254.800
4309.000
4333.500
4390.500
4387.700
4412.600
4427.100
4460.000
4515.300
4559.300
4625.500
4655.300
4704.800
4734.500
4779.700
4817.600
4839.000
4839.000
4856.700
4898.300
4917.100
4906.500
4867.200
4842.000
4867.900
4879.900
4880.800
4918.500
4947.500
4990.500
5060.700
5075.300
5105.400
5139.400
5218.000
5261.100
5314.100
5367.000
5427.200
