3780.800000
3979.304744
5362.910855
5930.092097
7358.427804
-3339.751860
-3385.423657
-7242.524355
-12850.965838
-9811.334361
-12720.700702
-1257.947583
-376.238118
-461.453845
-345.554886
-372.699438
-507.074242
-1289.995132
-2379.955753
-4696.707219
-9835.552527
-17269.643933
-22564.016504
-31102.939299
-42711.121705
-61645.894858
-106183.528859
-140424.777205
-245181.678401
-236313.490052
-312373.045064
-370590.047169
-526787.217600
-897236.148505
-1393115.098918
-2540342.903056
-3468566.845977
-5560320.031601
-7551075.495870
-11639688.175528
-16874279.268523
-21125475.111624
-21125475.111624
-25508026.065172
-37899750.576781
-46149707.210062
-40507245.515234
-22105615.085099
-15614388.084541
-20351381.631024
-23196735.860419
-23439375.252433
-33707691.008346
-44979592.149523
-67151395.126621
-120725008.229369
-140478430.662294
-187730112.272199
-258636592.506004
-482974642.515862
-709230780.583346
-1114449718.048683
-1743650527.860702
-2852894778.565004
