3818.997422
3857.580753
3896.553892
3935.920776
3896.156168
3935.519034
3975.279583
4015.441832
3974.873823
4015.031974
3974.468106
3934.314054
3974.062429
3933.912477
3973.656794
4013.802649
4054.354097
4095.315236
4136.690206
4178.483187
4220.698403
4263.340119
4306.412644
4349.920331
4393.867576
4438.258820
4483.098549
4528.391294
4482.640957
4527.929078
4573.674746
4619.882582
4666.557255
4713.703483
4761.326030
4809.429707
4858.019375
4907.099945
4956.676375
5006.753677
5057.336909
5108.431184
5160.041664
5212.173565
5264.832155
5211.641556
5158.988341
5106.867082
5158.461760
5210.577699
5263.220165
5316.394479
5370.106012
5424.360193
5479.162504
5534.518483
5590.433723
5646.913875
5703.964646
5761.591801
5819.801163
5878.598614
5937.990096
