0.821164
0.799756
0.984880
1.103522
1.275371
1.111710
0.995150
0.895837
0.952360
1.032755
1.318347
1.135267
1.316964
1.850933
2.125279
2.454843
3.034493
3.480254
3.955649
4.751043
5.163061
5.282545
4.838166
6.443995
8.400868
8.719696
6.705170
6.999838
6.154256
6.878299
7.973437
5.393797
5.329074
7.034701
9.453504
7.509843
9.576491
10.330098
10.541306
9.916913
10.347733
12.818676
12.918003
7.890550
9.650779
10.948361
9.351059
9.390525
7.293632
6.139698
8.011648
6.856313
8.497078
8.825469
9.647581
9.251332
12.302485
10.549401
10.959178
9.107861
9.244946
12.622427
13.426385
18.527007
18.618333
16.592331
15.525713
22.808240
15.300594
12.907323
18.173111
22.304563
17.710307
16.671873
17.585393
23.480552
28.866400
32.987986
35.737733
43.550425
44.217199
49.674287
53.409360
53.925904
68.158931
53.656303
68.101662
70.504415
89.285828
76.691102
73.087729
95.194699
91.716882
107.951581
77.203546
74.645224
81.623086
96.501045
57.016749
40.444069
49.154121
63.837003
85.892543
93.755505
97.956387
122.416812
143.686208
148.589740
128.542492
94.343176
110.478503
113.973870
122.069604
112.084711
109.068033
114.221414
134.611676
145.062633
157.251567
229.609479
235.726729
292.219200
371.440414
442.548260
421.200001
293.187019
397.867845
536.082682
559.525022
487.970039
570.473104
412.436776
518.680630
590.329453
558.370371
581.839189
758.643653
821.451549
803.927693
902.928996
900.095557
1109.017669
824.029194
673.727960
820.942714
1195.617876
1550.375782
1818.793074
2347.630481
2617.671805
2270.584504
2504.442428
2184.387360
2209.114705
2621.127263
2275.795232
1511.500272
1370.671181
1623.706839
1791.931056
2150.615514
1568.209659
1523.262420
2333.519899
2575.470064
2172.870727
2614.783210
1667.677353
2247.791581
1458.915302
1257.821758
1535.883149
1596.259358
1543.750475
1290.232991
1215.694861
1303.471651
1771.017941
1685.489752
1702.152832
2090.503550
2134.349718
2458.776555
3016.959805
3636.625256
2526.517117
3069.580697
3126.611936
3857.447939
3023.203917
3518.206187
4862.723081
4178.888499
4896.967182
5867.642303
6297.632677
8248.780822
9656.912721
9159.273108
10782.232283
15290.133260
18758.391473
21875.491101
24302.533936
30849.223404
34997.477671
42335.509760
46317.497539
26598.881472
29880.183824
27355.062619
20599.704975
19364.733764
16509.349980
21839.523974
18227.965592
14749.680128
16611.408634
14462.728043
14626.940776
15226.344341
15473.826726
14164.121810
15109.351471
18426.337367
19218.180170
20601.705241
20409.327273
23218.363231
29474.132970
24224.012117
18982.942721
21930.255704
18541.068102
17410.347104
14429.917847
12342.985621
10683.007330
14759.476796
19457.941942
20482.375308
24816.181758
23708.869511
23117.698861
26645.644893
29857.707987
34185.535649
37522.982991
48878.252730
59515.011569
54984.687697
62366.479305
61645.840141
56051.761006
70440.898590
89711.874504
78545.079289
64354.104327
54000.138947
67821.844945
86149.738177
87904.929225
117781.167047
187570.592492
259947.938591
210905.030160
242418.699685
245287.494605
393701.634308
449518.947603
307513.094616
371264.867710
395970.253519
350575.721371
218027.697727
241987.704051
244364.462956
260189.697789
280469.304822
228744.626775
174369.287012
158732.559475
144560.662010
206381.338504
221996.933822
244844.122999
279983.051916
275948.621200
245221.788531
216571.623084
202784.332078
191747.026456
199674.955877
127623.364256
153272.729089
165009.943678
178491.826393
196041.361125
150201.239577
178684.652774
184242.799288
234898.251065
277796.852263
250606.401610
257957.054356
280507.359112
292588.465860
273714.271481
304502.832261
355553.762109
353278.588614
389381.356111
434021.203811
334669.324718
319301.659335
225079.503988
166466.534758
202997.222042
245587.121729
268958.481772
280026.779265
162929.378099
155471.460800
157243.828809
171151.771959
174009.256695
207863.609090
236365.955713
176798.199794
90310.394177
83034.396179
72381.499751
77200.567313
92300.862225
91172.069129
115408.559798
141666.440132
113205.124873
141798.625922
148054.937264
152082.406886
125872.137681
136128.445295
161204.628890
196121.759547
222919.115145
210741.783061
271420.955002
249173.378607
287498.939011
262021.323983
248494.204257
337429.622527
311917.652394
307550.644707
316675.343250
358189.982357
414414.268624
364210.174919
495591.448388
655385.415324
751360.808981
622712.570312
617641.933365
564823.485302
552438.380150
512921.745735
566952.864301
682369.937057
602854.519788
580445.498553
605389.685206
622999.795061
548095.035968
662579.421041
470418.286483
577653.282739
397443.269523
291799.758501
302055.239866
335951.268960
253838.350271
265337.670619
172647.645573
150351.727001
163863.080772
202184.536716
227638.789921
277026.462955
380878.949995
339432.056967
378757.279514
311600.657388
348233.258536
306127.289860
393608.906311
366138.451635
446594.989727
353185.351814
325221.605578
303450.757841
233177.359590
190886.717635
177310.970677
278499.022663
321074.657104
355216.349942
260248.009491
309063.141494
317465.550724
398761.228130
490779.408731
383343.523286
345619.978908
326141.581892
263015.337148
275059.109847
295364.792132
278433.666645
362427.293356
390160.723322
425001.939878
435848.882785
468703.716089
382621.694431
363839.048130
414091.392193
359929.996217
389947.850451
376917.425468
460825.326234
427586.405658
570863.084477
414942.675563
384943.348352
519254.247802
445706.319764
452884.006284
428542.666325
379752.092763
417294.214207
336442.475687
398220.016306
408695.072788
384183.000777
369604.591965
443613.657040
383316.501399
390619.289742
391014.777110
349444.228980
268237.244501
328823.366301
304169.413237
267317.259490
316907.593042
322719.876528
335802.558491
274077.809293
258354.776894
284740.624658
338370.032306
331277.110161
407115.919531
416872.569972
472595.884505
577282.047854
615597.496116
489202.908759
479852.698070
416191.551218
371499.167437
336972.216577
378285.904633
247405.506059
303483.924817
225829.101205
312126.554671
353285.046292
279814.161956
292970.607986
259814.685693
310641.059617
348617.093190
371538.693528
391600.293353
296883.977452
275710.828936
217190.252172
170371.664561
232065.154471
228812.144860
154121.902499
160712.731010
178089.108277
214972.060728
244997.537973
293380.830624
262542.746845
437455.231874
617094.445020
524754.640991
634976.955337
458214.745015
273478.863559
251675.085641
202651.012098
226504.795207
231720.963884
177716.083894
187880.450742
215176.380850
234071.840158
207709.911603
233310.378738
241059.389486
337385.022897
252624.166853
250934.956325
316475.764484
378763.213984
355642.238103
319762.154907
289329.462832
227323.921769
259734.898632
235395.672578
182239.994757
240626.831182
149980.309662
105214.426696
112995.987403
116431.418710
110701.613360
115890.544725
98123.427154
85513.099152
86532.655591
110649.403207
119603.949532
147868.987771
136807.925183
157393.716398
154126.490046
199302.158903
183360.769378
275418.033560
313459.056975
295626.031146
327991.589856
373061.261556
316961.760386
332403.410804
473260.623231
504445.930679
407279.520361
431865.260410
300963.447586
284695.131811
400907.947440
511793.667695
566075.886559
402394.993929
386435.158836
551898.832015
715316.941171
1021920.830998
1223684.686311
1030050.024909
1327709.171457
1744160.530542
1366257.224099
1816934.838740
1907879.857492
2018300.233702
2055493.942334
1700171.083504
1782509.484147
1776096.263589
1105594.396595
1217343.026538
1175307.108792
1077791.951702
841244.474500
974090.364591
1244897.249753
886537.694822
757794.946475
856655.678942
973324.735279
839225.301475
720827.861452
794198.985764
812137.106861
836877.538535
1031977.936090
919725.581760
1016458.190705
875985.984050
1027311.985341
914637.537164
1219413.923738
1500283.890563
1526402.825804
1371156.010778
981979.033878
846486.074550
742309.511106
867315.111597
821720.265690
541764.645746
828894.684642
857756.839223
708806.739493
949050.472378
870489.901866
1096658.279662
1272935.625244
1650447.802320
1899077.556959
2378498.617402
2615153.606342
3225618.214463
3317590.360193
4222587.548213
3880719.951978
3642450.170614
3164144.240943
2931445.629360
2677518.210903
2813825.738724
2770488.962852
2844955.221243
3260445.838095
1835985.588323
1446054.976333
2213594.219094
2028671.118064
2514160.802026
2866157.119662
3207740.074449
2948236.466616
3431101.961957
2996012.808325
3391808.355274
3525994.810267
3074257.718819
3805430.389115
3545080.234820
2983619.104418
2492782.777260
2061880.028150
1666686.617823
1418605.071743
1795795.204161
1783183.523454
2645358.630786
3496749.549698
3029987.350370
2830956.431370
3544001.722618
2773824.874268
1954552.467736
1570024.675992
2096577.877895
2099335.496320
1911478.862256
1872126.797772
1825002.233752
2171846.644953
2115118.447265
2148026.121372
2326762.160289
2697505.818113
1426334.753785
1273640.592084
1410147.336569
1173362.990154
941336.387233
798796.300013
989701.166763
893262.080897
723633.052643
860364.529792
871903.013748
1088522.195278
1375876.586381
828510.891670
894087.914880
1153299.636808
1129556.082457
995532.177493
832622.960368
957293.389279
1211427.929586
1008199.518903
787903.086896
532244.797788
683538.700277
623066.564386
639968.071120
613394.517616
595308.098223
654995.861098
684264.762093
791724.209516
889878.038005
778057.357474
725254.778775
604602.190278
685706.461016
414962.389296
519587.637219
547734.789571
421138.949776
491039.339144
391675.648546
310864.605484
270772.450899
210437.283025
171604.236277
181358.931040
216605.364498
264753.718168
289746.376178
296256.277572
324243.721252
394353.996292
365606.782743
399786.821992
305386.078216
411700.427900
308671.592167
393271.454536
415326.046272
421371.416149
484528.461770
480530.070244
495108.935624
406427.890085
365557.194215
422647.895935
461722.823258
485449.553796
503705.498481
573101.513922
726898.942690
836789.436555
872659.332562
681440.058329
833440.451817
845903.396462
946806.604750
716805.329003
333729.726653
188436.433625
234319.473414
230939.082838
258571.080367
240825.810567
207698.972805
211690.900297
190263.902733
197824.822847
234625.339827
194276.991579
175883.158200
229388.839290
230529.317761
187012.971535
169164.939515
166790.074741
169349.809067
231378.103072
263066.937624
253986.524458
215019.780573
277219.078884
341890.444250
363301.678845
319280.827661
345589.451323
300098.311725
270367.716454
275734.451885
279045.374801
244267.419481
320605.078895
449057.694454
558763.179282
525704.830343
569863.319412
530282.353094
424141.168902
467636.108009
465457.542526
421440.740180
500144.119035
336850.969118
366811.416557
372651.825381
375680.367870
358687.382144
398756.612834
516845.906566
534630.085288
502823.406860
523363.689779
605364.045015
444346.879178
316655.827527
303630.009318
347523.511015
283438.591688
197105.430383
230889.295321
263386.616002
259411.056779
334724.306521
379556.348960
370648.029544
403238.200566
372153.709621
364089.787330
399662.664378
352446.721710
346734.084489
249533.387134
227017.429762
280805.619479
277036.724664
307543.502354
384390.659686
238023.771309
186732.711369
184039.426578
195907.311251
179061.459628
211817.425548
337069.457464
379430.419371
211016.463127
239918.389474
224137.995079
203863.884210
242767.668296
309615.890565
221821.655369
223078.997568
228780.049176
329773.678701
489134.929250
484093.245626
497074.136143
600078.037982
305286.474457
426329.342002
470384.790006
269150.903807
227394.429721
211396.829163
222340.630808
211380.679778
218940.389147
114564.724135
116226.729520
103348.991883
90342.074569
95230.451171
103759.373119
114778.194255
131214.997987
110390.168417
125680.649852
122444.174620
108711.436483
107691.601575
112993.531493
143875.571474
125180.935622
118663.652349
114178.991992
71254.891519
79324.977837
75780.528240
81606.601066
100241.327676
141446.686422
160597.682985
143754.745606
123158.128544
129063.481561
120891.544310
136258.556892
140247.155784
137975.979813
142047.305246
160971.089476
181480.332773
160636.576046
157590.018849
167155.379126
172613.045307
165874.213746
169938.945323
150495.014607
178214.441690
176120.128997
140542.259496
142379.292537
117628.031572
105209.929688
150419.801470
180985.208447
162546.511836
119299.522648
83270.769100
84179.166434
99289.296368
131840.081443
75117.369309
65755.982414
93514.603117
124246.979834
127221.976647
140846.069215
85769.554657
84249.370806
110952.122640
98706.539765
128577.500942
112675.985760
165002.315895
164843.071479
152732.317008
138646.140210
201396.405327
229210.031302
265361.917764
307128.147630
325797.654226
320667.567543
309627.641678
285619.996825
276466.466795
371980.222485
316008.080835
367739.689774
438469.132531
333414.397368
357014.303904
367598.703799
425155.748323
294968.680281
251428.589601
313227.227872
297214.429827
391628.013128
308543.761038
371420.071401
292888.616676
312822.715182
445383.679680
477181.362410
589544.784145
492396.444931
733896.375017
660532.230520
507368.633661
467674.460742
443011.882397
419768.646748
428497.963166
413341.243424
405556.631211
492511.389604
448180.785241
370303.176913
415199.430457
429125.104566
490533.101369
403579.209575
287044.126208
264157.814676
309914.671286
384486.411804
300282.927366
247410.870565
319510.054778
306921.389650
369193.380077
377630.556660
351514.040876
352425.549203
287621.033001
241899.167630
260493.641882
272049.577976
292106.878853
250175.383523
