0.821164
0.803705
0.955429
1.049296
1.182562
1.058799
0.968262
0.889455
0.935224
0.999612
1.225054
1.086308
1.228102
1.634200
1.831747
2.063403
2.460761
2.755570
3.062550
3.564781
3.816905
3.888945
3.622138
4.602618
5.742520
5.920262
4.804767
4.976974
4.486644
4.917137
5.555628
4.089736
4.049713
5.106802
6.538856
5.442416
6.663886
7.091568
7.209819
6.861527
7.104633
8.488246
8.541887
5.830685
6.891493
7.647179
6.737277
6.760467
5.529296
4.815848
6.013347
5.306122
6.341713
6.541600
7.038573
6.802802
8.632599
7.629355
7.871047
6.786644
6.869952
8.916856
9.380044
12.286237
12.335629
11.240877
10.651549
14.726278
10.772972
9.398695
12.525855
14.848250
12.353931
11.763167
12.288838
15.648608
18.575973
20.739084
22.148963
26.097921
26.423793
29.083417
30.866898
31.110364
37.807055
31.246325
38.106922
39.203428
47.720520
42.230591
40.612337
50.630731
49.122168
56.213500
43.155269
41.988977
45.190164
51.908004
34.586639
26.387769
31.022493
38.580086
49.450943
53.142934
55.084913
66.303013
75.698142
77.804996
69.243911
54.219147
61.781820
63.375977
67.047371
62.574637
61.201113
63.559470
72.813074
77.423469
82.729114
113.775052
116.247168
138.967753
169.693480
196.187565
188.469140
141.753609
183.030969
234.886584
243.263474
217.891593
247.936633
191.919892
232.240011
258.403849
246.994675
255.461329
318.771110
340.294504
334.374009
367.956416
367.014717
436.490692
345.012157
293.689429
346.026627
474.823985
589.726019
672.994221
832.584192
910.690127
812.209786
880.433919
788.671298
795.952436
917.021919
818.488431
594.309011
549.149228
631.828036
685.214993
797.074656
621.032231
606.515513
869.630520
943.167294
822.924055
959.419300
676.001795
867.782416
619.401006
549.771176
648.890638
669.694050
651.727646
564.440089
537.846094
569.517585
736.121633
707.128758
712.830178
845.467890
859.930053
966.533121
1145.482362
1337.363175
1004.418954
1180.494368
1198.382008
1426.834877
1175.170277
1332.096648
1747.276334
1546.880587
1763.662690
2048.776082
2171.222189
2719.843373
3098.506356
2968.284341
3397.235131
4555.603460
5398.358681
6129.956176
6684.623247
8153.219794
9047.360091
10594.466275
11407.165034
7446.533386
8195.724127
7630.863010
6093.984015
5796.027745
5099.018083
6441.638813
5572.871992
4705.587714
5189.986453
4642.482817
4685.472308
4842.066113
4906.251291
4567.578036
4816.171124
5678.464590
5877.479796
6222.560999
6175.172090
6868.331396
8377.562615
7160.532488
5897.034544
6643.744216
5806.368809
5517.579766
4747.252282
4187.311391
3728.036367
4888.218552
6157.304532
6421.687109
7529.824777
7255.809108
7108.257737
7992.957441
8778.773169
9816.546974
10598.149883
13213.835477
15559.024863
14593.106355
16190.909053
16038.330585
14851.361588
17960.694045
21968.044465
19737.938989
16829.563752
14621.260553
17673.418291
21568.520764
21926.902756
28004.688058
41537.869166
54609.732632
46207.101966
51837.980437
52338.287742
78165.335575
87203.313831
64736.234636
75681.630520
79788.904281
72328.903575
50026.139688
54509.747691
54946.385548
57848.447163
61525.641045
52271.758345
42137.929233
39056.129231
36212.280012
48842.033659
51855.991992
56208.505553
62787.450598
62049.582468
56414.713584
51039.250906
48389.304642
46241.308794
47800.561978
33733.339083
39262.524357
41714.599405
44494.209566
48062.056008
38896.564038
44912.249731
46051.614885
56377.705181
64774.743343
59604.033465
61029.853722
65380.990346
67677.505638
64117.005967
69998.945626
79569.987216
79154.733130
85751.869348
93769.508974
76263.700814
73407.654478
55741.232834
43902.922308
51760.337780
60616.978123
65321.636179
67513.976736
44489.129069
42828.290384
43226.479465
46344.611834
46975.652218
54429.325665
60516.146132
48078.077107
28896.711911
26998.001875
24173.143491
25485.717959
29551.248190
29256.507700
35599.377456
42205.086356
35289.831936
42559.360062
44090.788842
45068.954998
38734.264842
41308.286119
47514.191038
55907.626667
62137.691978
59369.378024
73310.793791
68410.042769
76991.521286
71427.089658
68419.718456
88390.504340
82940.187014
81993.155573
83977.124515
92955.616542
104855.467880
94495.679156
122295.930860
154455.036792
172901.817693
148757.760577
147769.867595
137463.867751
135005.590310
127129.635007
138051.455431
160971.712061
145673.650469
141257.470587
146208.262924
149676.863966
135000.057493
157997.509709
120626.637190
143052.592419
106655.826965
83534.771708
85929.155679
93793.425018
75096.810099
77871.355339
55685.958291
49820.988333
53472.377879
63671.100191
70208.577005
82631.330038
107894.961206
98319.459083
107609.405270
92048.549727
100874.098660
90926.724169
112118.223369
105736.580112
124686.031691
103416.837819
96738.947094
91457.502942
74184.117924
63211.147232
59544.770556
87258.351051
98137.623159
106648.414508
83394.520446
96151.855207
98283.769139
118809.944583
141169.795067
115966.332900
106659.290992
101756.894291
85694.029283
88894.305210
94246.364033
89840.337664
111943.343963
118929.468927
127590.999196
130246.777784
138254.070475
117545.631025
112839.661980
125550.207169
112157.558841
119786.170992
116521.690204
137676.971297
129578.048468
164989.068448
128237.019144
120675.793283
155014.978401
137108.118604
138908.872035
132819.915589
120487.151026
130201.523568
109627.537073
126044.576334
128748.614612
122450.963877
118661.397024
138039.550958
122737.457833
124644.514977
124747.436804
113931.115092
92338.102205
109347.557400
102661.218816
92517.221280
106514.641292
108107.872619
111682.113148
94939.843180
90497.968212
98035.840413
113094.760461
111161.318366
131915.669050
134493.974874
149155.928288
176101.987033
185634.458186
154549.834713
152140.726568
135679.303081
123796.764074
114413.259731
125853.407000
90341.433232
107041.905766
84704.025284
111102.419393
123050.761058
102180.412568
106098.660688
96305.963008
111671.013608
122804.894898
129390.069901
135088.009559
108440.662627
102133.322787
84453.511712
69606.088901
90162.371915
89131.615313
65403.023888
67684.042681
73652.342492
86092.625721
95899.469059
111345.086986
101799.951577
157112.509312
209730.429613
184135.488029
215678.714884
166712.770917
111896.883237
104621.073094
88000.586859
96448.500042
98259.944778
79583.269010
83295.463789
93164.915794
99837.140054
90667.009353
99780.722279
102483.524285
135882.047017
108040.907922
107451.721819
130340.330347
151261.901344
143731.410108
131905.156779
121666.795064
100401.799642
112076.449468
103511.077914
84447.983377
106513.592363
73789.507654
55827.167917
59194.550012
60662.311052
58227.619126
60453.533188
52894.851706
47350.861388
47811.289565
58678.661947
62551.506791
74607.339606
70055.817165
78652.994701
77321.429365
95804.859129
89555.189043
126224.080521
140442.699600
133926.434122
145884.532606
162233.349116
142336.955527
147992.310935
199137.896418
209839.748859
176875.386601
185583.287936
139706.643997
133547.770477
178007.417389
218161.012932
237032.025752
181135.380680
175276.232207
236483.704127
293591.751373
396222.709645
460022.736893
400655.305716
495080.350231
621726.620011
511864.219376
649567.305237
676083.982728
707995.998012
718636.690724
617322.164495
641704.598447
639821.665464
442830.015638
479333.877588
465834.893966
434313.300529
356573.772682
402496.817907
493756.361068
377837.643066
333088.350087
368527.797952
409460.934452
363452.543841
321634.198859
348334.195979
354750.709583
363564.375336
432689.025861
394304.488410
428126.679601
379873.208211
433392.511120
394625.718402
501869.733445
596145.602216
604609.876960
554458.350052
426111.687125
378161.164648
340204.982645
386929.034820
370339.830976
267438.497926
383035.688213
393913.061137
338126.142426
431593.155356
402456.127293
487735.122386
551673.939260
685106.670912
769278.136400
927662.819895
1002939.125442
1193877.510946
1221640.007147
1493423.515753
1394814.267979
1324970.376514
1183073.217978
1112114.701574
1033549.049298
1076460.567924
1062939.440350
1086240.035560
1215619.984540
782481.711897
646947.902757
927001.063776
863843.005028
1032443.391374
1150330.604905
1262138.959388
1178865.465309
1336330.266416
1198128.427373
1327216.463952
1370039.210560
1226888.844119
1464868.745426
1383133.728852
1204479.548169
1042877.026522
895854.691964
755818.833003
664067.241683
808068.489806
803440.208831
1120257.141108
1414304.688739
1260337.026497
1192818.677694
1437845.566823
1183007.581726
898042.135653
753952.580843
960174.676839
961204.656872
891056.552671
876095.619798
858110.266261
991115.822302
970002.838061
982310.934326
1048972.718574
1185286.986682
729753.288634
666039.649229
724258.373619
625075.335665
524267.766292
459523.589250
549089.789592
505453.506002
427172.234054
492999.908236
498392.139079
599376.774107
728420.187970
492081.155481
523845.916694
647706.568197
636831.367941
575206.741355
498440.600808
559307.876832
680402.526747
587311.431248
482650.446673
354925.663704
437207.275003
405661.953025
414636.460803
400594.938305
390961.672375
422930.968882
438344.165974
494486.574880
544483.490010
488683.805614
461636.322979
399003.584242
442655.789548
300113.986546
361825.952938
377811.619646
306595.254585
348097.825325
290650.723713
241743.733741
216316.522584
177005.790941
150366.562668
157337.518583
182275.650143
215319.928685
231897.083389
236146.282369
254340.449028
299192.356152
281404.836723
302860.663552
244536.946316
313966.203930
249887.198779
305743.527553
319727.136004
323522.632475
363069.927786
360626.431469
369549.538350
315566.404963
289685.784948
326582.917389
351207.468177
365926.379286
377149.388206
419526.039582
511344.884723
574390.572736
594471.169561
488234.827198
577052.868743
584090.347220
640912.753391
513936.278989
289936.325448
186990.512034
224123.702221
221486.753575
243099.899561
229493.512511
203747.928496
206941.648822
189858.716511
196011.961036
225749.915536
194088.244876
179101.562750
223537.096519
224443.496312
189890.264919
175110.188127
173105.276072
175271.934141
227628.709334
253054.029557
245930.290834
215158.636172
265918.592343
316511.891651
332677.801909
299802.462970
319949.717310
285601.559132
262525.799246
266775.738544
269388.259318
242006.379152
303687.959759
402920.820681
483199.698553
459884.698593
491389.488090
463554.122119
387882.579769
420322.812282
418725.826951
386431.699799
445286.920366
326718.748607
350418.289638
354968.616084
357321.365965
344139.843858
375493.287446
466183.451863
479265.777982
456011.828329
471204.089839
531415.192572
416137.597900
318609.294318
307920.435194
344224.013396
292455.201349
219805.572998
250531.488137
279289.672298
275851.601734
341166.732320
378433.638050
371189.868294
397807.930893
372798.090893
366210.099153
395390.832071
357295.034944
352571.952399
271964.352450
251950.572351
300635.940633
297345.117771
324049.048328
390086.056051
268946.542576
221681.212813
219073.581731
230595.050301
214423.647578
246413.803325
365248.568245
402684.644059
256915.237579
285613.506313
270292.459438
250352.895842
289316.538855
354288.752070
272356.384043
273615.432642
279318.286756
379879.518781
529595.445906
525143.534237
536627.949065
627318.320944
375984.650244
497563.250736
539496.457867
351265.164516
306820.621589
289216.475784
301427.389389
289309.475079
297747.831229
181982.808506
184135.923675
167496.914366
150304.758879
156937.647632
168400.714384
182985.737050
204357.020566
177905.970067
198003.221720
193844.771456
176113.965099
174766.542526
181783.774382
222303.164486
198745.568029
190306.757380
184441.035864
127891.644437
139704.667532
134613.643509
143054.037986
169695.204787
226584.669106
251604.507883
230084.007686
203198.668356
211144.859830
200241.570293
221000.413490
226276.416689
223287.929493
228661.376406
253505.471700
279847.212739
253633.846262
249710.763322
262072.095347
269050.606505
260484.167111
265689.993849
240897.413480
277084.169981
274428.551208
229216.353251
231659.845803
198815.800225
181697.892953
245374.779519
286038.815286
262272.191503
205362.549537
154781.578370
156158.654438
179019.117375
226883.650907
147273.561426
132305.002260
177855.618970
225525.019245
229929.054402
250010.486670
170277.996523
167816.626677
211195.645550
192185.554762
239618.424000
215449.956123
297050.058821
296816.250911
279031.673041
258043.671735
353291.784401
393083.697406
443647.271094
500595.454673
525412.810447
518665.467377
504102.367163
472224.889179
459882.357268
589458.662860
517121.609479
586162.418001
678108.469946
545603.807297
577100.047253
591053.674518
666529.317309
500075.242077
439874.178697
528049.713005
506033.738430
637132.759274
526895.023159
614463.896272
508506.804809
536732.604871
722226.976659
764279.326002
911053.275220
788614.849307
1104058.968842
1014047.723623
822280.084312
769814.042773
736705.807131
705182.578762
717142.469115
696454.527340
685757.172739
805670.537482
746527.960916
640734.010132
704089.729377
723349.134664
807768.942479
690990.348699
528264.977112
493914.375748
563689.363701
674307.762673
553870.018755
474334.923358
587068.181589
568203.951767
662225.029733
674567.560248
636519.813236
637865.937878
542207.632346
471912.652608
501497.309416
519641.265914
550886.476035
486392.958956
