0.658480
0.788934
0.945233
1.132497
0.908133
0.728219
0.583949
0.699637
0.838245
1.004313
0.805345
0.964895
1.156054
1.385085
1.659489
1.988258
2.382159
2.854098
3.419535
4.096993
4.908664
3.936189
4.716004
5.650310
6.769715
5.428540
6.504010
5.215474
6.248733
7.486694
6.003475
4.814103
5.767844
6.910535
5.541461
6.639302
7.954641
9.530566
7.642428
9.156500
10.970530
13.143946
10.539946
12.628057
15.129852
12.132417
14.536018
11.656229
9.346967
11.198732
8.980107
10.759191
12.890738
15.444574
12.384787
14.838387
11.898695
14.255993
11.431681
13.696457
16.409917
19.660951
23.556061
28.222847
22.631506
18.147888
21.743238
17.435598
13.981362
16.751266
20.069926
16.093793
12.905387
15.462125
18.525388
22.195527
26.592772
31.861172
38.173316
45.735985
54.796923
65.652961
78.659732
94.243326
75.572404
90.544355
108.482459
129.974353
104.224614
83.576259
100.133886
80.295961
96.203715
77.144413
61.861024
74.116559
88.800087
71.207547
57.100335
68.412711
81.966226
98.204883
117.660646
140.970867
168.899169
202.360459
242.450899
194.417982
155.901058
186.787240
223.792407
268.128816
215.008744
172.412502
206.569832
247.494208
296.526275
355.272281
425.656694
509.985245
611.020461
732.072169
877.105915
703.338953
563.997660
675.733492
809.605758
969.999993
777.829414
931.928311
747.300265
895.350910
1072.732460
860.209142
1030.628615
1234.810573
1479.443835
1186.345299
1421.376911
1139.782246
1365.589066
1095.046754
878.102661
1052.067092
1260.496312
1510.218278
1809.413662
2167.883840
2597.371979
2082.796227
2495.427318
2001.048231
2397.483900
2872.459025
2303.384678
1847.051926
1481.125081
1774.556695
2126.121220
2547.335599
2042.672754
1637.990684
1962.499571
2351.298211
1885.473117
2259.011738
1811.469886
2170.347432
1740.371220
1395.579317
1672.063117
2003.322230
1606.436049
1288.178578
1032.972367
1237.618655
1482.808237
1189.043166
1424.609264
1706.844303
2044.994055
2450.136008
2935.542253
3517.114271
2820.324694
3379.070501
4048.511674
4850.578515
3889.611003
4660.197398
5583.447745
4477.288578
5364.302128
6427.045480
7700.333168
9225.876973
11053.652364
8863.769079
10619.805827
12723.738038
15244.488676
18264.635305
21883.115264
26218.466762
31412.712086
37636.010128
45092.230638
36158.828458
43322.398599
34739.624923
27857.218871
22338.313811
17912.781109
21461.553826
17209.719551
13800.233172
16534.252566
13258.585654
15885.297092
19032.396840
22802.981107
18285.391308
21907.983322
26248.261530
31448.409614
37678.779837
30214.086048
36199.919491
43371.630341
34779.103168
27888.875923
33414.052688
26794.261053
21485.942819
17229.276743
13815.915811
11078.789466
13273.652762
15903.349205
19054.025330
22828.894504
18306.170898
14679.462157
17587.669123
21072.032603
25246.697270
30248.421453
36241.057221
43420.918031
34818.626276
41716.683603
33452.024547
26824.710156
32139.060784
38506.258672
30877.629742
24760.339003
19854.969202
23788.516570
28501.354742
34147.872135
40913.043676
49018.490410
58729.739619
47094.555984
56424.646849
67603.159335
80996.291643
97042.790966
77817.255476
93233.943228
111704.892656
89574.589553
71828.609318
86058.862424
103108.327895
123535.531167
148009.649389
118686.865710
95173.335997
76318.165709
61198.468628
73322.742041
87849.003758
105253.121289
126105.238160
101122.025007
81088.336145
65023.601518
52141.515727
41811.551480
50095.005190
40170.483332
48128.818467
57663.811208
69087.819502
82775.083775
66376.180828
79526.231516
95281.491347
114158.088724
136774.404313
109677.479977
131406.124245
157439.517144
188630.489643
151260.148818
181226.901941
217130.488392
174113.898815
208608.299764
249936.524464
200420.599856
160714.473136
128874.686005
103342.806462
123816.463222
148346.238016
177735.704615
212947.635999
170759.728040
136929.835279
164057.552666
196559.650655
235500.869285
282156.888502
338056.118311
271082.468488
217377.236326
174311.762528
139778.162007
167470.172795
200648.358608
160897.109690
192773.079680
230964.125587
185206.898811
221898.978362
265860.272561
318530.914599
255425.480984
306028.844724
366657.443267
439297.415983
526328.384253
422055.362735
505670.438868
405490.045542
485823.300425
389574.903084
312394.660735
374284.416551
300133.433651
240672.798577
288353.449394
345480.304667
413924.789746
331920.493950
397678.590688
476464.287004
570858.532760
457763.465400
367074.114216
294351.593152
236036.421627
189274.301992
226772.191057
271698.936916
217871.573728
174708.164771
209320.298126
250789.579669
201104.652882
240946.300083
193211.464789
231489.360924
185628.077674
148852.556694
178342.332110
213674.444894
171342.545918
205287.903060
164617.495433
132004.464943
158156.397511
189489.394047
227029.895860
272007.696648
325896.229462
261331.623858
313105.077187
251074.577925
300815.966856
241220.112399
289009.193746
231752.426337
277665.826528
222656.338971
178545.001032
143172.736698
114808.213140
92063.098802
73824.110046
88449.699783
105972.823606
126967.523582
101813.479615
121984.155315
146150.924262
175105.468471
209796.313251
168232.726448
134903.468080
108177.202405
86745.784128
103931.338405
124521.591581
99852.120987
119634.224084
143335.438754
171732.195867
205754.748119
246517.644288
197679.047708
158516.060850
189920.311730
152294.439092
182466.099598
146317.010742
175304.459008
140574.191416
168423.906774
135056.772908
108300.135400
129755.908425
104049.446383
124663.098404
99965.593326
80161.009770
96042.028060
77014.757713
92272.459422
110552.925448
88650.843176
71087.870031
85171.372314
68297.731060
81828.467751
98039.832811
78616.769373
63041.686726
75531.127450
60567.353666
48568.112962
58190.136093
69718.416715
83530.611124
66982.027632
53711.950210
64353.039514
77102.277584
61827.236963
74076.078186
88751.586340
106334.518116
127400.874838
152640.771756
122400.497900
98151.245659
78706.109777
63113.327544
50609.693771
60636.182643
48623.305955
58256.263591
46714.882186
55969.754355
67058.146269
53772.988679
64426.170559
51662.444205
61897.497676
74160.258530
88852.443989
106455.357077
85365.060465
68453.046876
54891.539947
44016.757402
52737.093278
42289.136781
33911.066736
40629.323812
48678.561669
58322.466236
69876.963312
83720.568021
67134.351408
80434.606303
96369.827897
77277.615813
92587.393392
74244.534537
59535.652822
47740.806499
38282.684360
45867.020089
54953.918907
44066.778217
52797.023917
63256.853513
75788.921790
60774.075338
72814.270500
87239.796886
104523.222006
83815.708401
67210.643147
80526.012504
96479.342945
77365.434397
62038.258727
49747.611137
39891.912904
47795.059338
38326.188952
30733.234354
36821.918345
29526.980814
23677.272537
28368.071708
33988.183867
27254.648808
32654.176302
26184.926818
20997.326226
25157.190514
30141.182156
36112.572318
43266.978470
34695.184297
41568.786039
33333.427562
39937.246230
32025.118630
38369.742983
45971.326244
36863.762916
44166.990443
52917.089587
42433.473301
50840.138430
60912.281615
72979.857375
58521.525911
70115.459496
56224.605353
45085.723888
54017.836991
64719.526748
77541.371070
62179.339882
49860.742141
59738.853209
71573.956374
85753.759167
102742.779410
82387.996410
98710.211931
118266.086858
94835.919326
113624.242647
136134.795855
163105.004801
195418.389722
156703.270861
187748.382664
150552.799581
120726.182245
144643.729114
115987.781364
93008.978047
74582.597370
89358.454066
107061.614835
85851.210073
68842.883441
82481.622451
98822.386601
79244.288302
63544.885369
76134.016789
91217.231391
109288.641971
130940.251987
104999.154905
125800.957480
100878.026589
120863.375949
96918.649086
116119.590331
139124.506850
166687.019401
133663.987239
107183.280071
85948.771723
68921.116762
82575.354888
66216.021030
53097.700240
63617.098025
76220.535783
61120.180557
73228.944008
58721.264995
70354.769688
84293.034530
100992.664772
121000.725561
144972.663305
173693.777523
208104.946563
249333.449946
298729.897049
239547.322225
192089.644030
154033.996292
123517.705151
99047.118513
118669.739350
95159.602608
114012.052119
136599.435813
109537.175186
87836.327261
105237.933400
84388.825463
101107.433230
121138.231257
145137.410805
116383.657801
139440.889782
111815.697344
133967.952407
160508.879331
128709.823211
154209.041127
123658.071153
99159.676044
79514.755985
63761.769617
51129.670391
41000.166872
49122.873931
39390.944885
47194.842540
56544.801575
45342.484756
36359.503731
43562.830453
34932.423861
28011.821640
22462.287608
26912.381255
32244.100755
25856.092978
20733.638973
16626.014822
19919.861122
15973.457756
19138.023366
22929.533727
27472.195372
22029.568858
17665.202853
21164.926851
16971.858533
13609.495752
10913.264110
13075.334516
10484.927694
8407.716729
10073.403121
12069.085307
14460.140073
17324.896263
13892.591765
16644.908690
19942.498130
15991.610056
12823.448221
10282.943600
12320.138689
14760.930645
11836.583631
9491.590702
7611.173701
9119.053768
7312.441550
8761.138595
7025.434383
5633.597476
6749.692006
8086.900488
9689.028692
11608.560922
9308.742484
7464.550275
5985.718362
7171.572969
5750.783962
6890.094776
8255.119013
6619.664365
7931.112550
6359.848119
5099.873168
4089.516896
3279.326345
2629.645886
3150.615551
3774.796600
4522.636654
5418.634292
6492.141606
7778.325748
9319.320975
7473.033019
8953.545483
7179.722773
8602.126370
6897.924707
8264.500162
9901.813347
11863.501197
14213.826873
11397.868776
13655.946150
10950.512035
8781.062293
10520.713669
12605.014336
15102.244146
18094.210143
21678.926492
25973.825335
31119.603767
37284.832948
29898.185553
35821.434686
42918.162397
51420.851222
41233.660703
33064.695247
26514.116212
31766.933832
25473.459503
30520.108459
24473.647691
19625.075453
23513.077651
18854.807785
22590.209175
27065.645875
21703.562508
17403.782925
20851.715976
24982.732835
20033.303702
16064.425772
12881.838125
15433.910603
18491.584368
22155.026114
17765.805270
14246.150525
17068.512390
20450.023654
24501.459640
19647.377465
23539.798004
18876.234462
15136.588148
18135.358172
21728.226521
17423.560652
20875.411947
25011.123310
29966.176993
24029.457804
28790.029808
23086.321843
18512.598277
22180.203172
17785.994401
14262.339906
17087.909114
13702.555088
16417.223087
19669.704821
23566.548722
18897.685489
22641.581552
27127.195839
32501.473116
26062.476271
31225.817695
37412.089342
30000.230674
24056.764974
19290.783038
23112.557229
18533.636066
14861.863290
17806.206474
21333.865264
17107.327881
20496.529037
24557.178390
19692.057551
23593.329840
18919.160892
15171.010251
18176.599776
14575.560888
11687.938218
9372.394026
7515.591556
9004.535462
7220.610923
8651.115036
10365.022040
8311.566063
6664.928464
5344.512826
6403.335641
5134.745204
6152.010115
7370.809447
8831.069989
7081.511389
8484.457937
6803.568037
5455.685959
6536.533727
7831.512570
6279.980289
7524.132304
9014.768251
10800.720048
12940.493900
10376.800891
12432.590423
14895.660642
11944.621730
14311.018519
17146.231642
13749.323106
11025.389708
8841.105652
10592.652457
8494.099708
10176.899778
8160.713455
9777.465040
7840.412331
6287.116883
7532.682757
9025.012669
10812.994028
12955.199527
10388.593128
12446.718867
9980.849606
8003.503567
6417.897461
7689.372799
9212.745201
7387.571399
5923.990079
4750.364708
3809.250954
4563.916898
3659.741066
4384.787007
5253.474700
6294.261587
7541.242927
6047.217126
4849.178752
5809.868951
4658.852574
5581.836493
6687.676448
5362.754116
6425.190785
7698.111032
9223.214601
7395.966664
5930.722124
7105.681207
8513.416133
6826.789210
8179.271727
6558.843488
7858.242207
6301.414410
5053.015996
6054.089207
4854.689378
3892.907446
4664.146912
5588.179714
4481.083078
3593.317785
2881.431225
3452.283091
4136.228703
4955.673517
3973.885214
3186.602918
3817.913569
4574.295698
5480.527716
6566.296983
5265.421623
4222.267883
5058.758263
4056.547428
4860.206266
3897.331362
4669.447267
3744.364391
3002.553384
2407.705523
2884.705695
3456.206279
4140.929130
4961.305163
5944.209174
4766.578118
3822.252261
3065.010576
2457.789071
2944.711495
2361.322922
2829.134051
3389.625115
2718.092925
3256.585186
3901.760304
4674.753645
3748.619501
3005.965497
3601.489346
2887.983886
3460.133925
2774.632953
3324.326586
2665.730948
3193.849570
3826.595883
4584.698100
5492.990979
4404.752564
5277.395714
4231.869740
3393.477098
2721.181776
2182.077570
1749.777454
2096.432865
1681.100164
1348.050686
1615.118400
1295.140833
1038.555302
1244.307647
1490.822413
1786.175204
1432.308890
1148.548446
921.004919
1103.468888
1322.081523
1060.158664
850.126391
1018.548330
816.759647
978.571167
1172.439815
940.163074
1126.422541
903.262466
724.313526
867.810175
1039.735520
1245.721683
998.926778
