1.072056
0.960672
0.860860
0.538978
0.403709
0.517781
0.463985
0.415778
0.445737
0.571684
0.612877
0.657038
0.842690
0.903411
0.968507
1.242167
1.331672
1.193315
1.069332
1.146384
1.027277
0.920546
1.180654
0.884342
0.948064
0.849563
0.761295
0.816151
0.731355
0.784054
0.587278
0.526261
0.471584
0.422588
0.378682
0.405968
0.435220
0.325992
0.292122
0.374664
0.280634
0.210202
0.225349
0.201936
0.258994
0.332175
0.248808
0.222958
0.199793
0.149651
0.112092
0.083960
0.075237
0.080658
0.086470
0.132679
0.142240
0.127461
0.163477
0.146492
0.131272
0.098326
0.105411
0.113007
0.121149
0.129879
0.116385
0.149270
0.160026
0.143400
0.128501
0.197171
0.211378
0.158328
0.141878
0.106271
0.113928
0.102091
0.091484
0.098076
0.105143
0.094219
0.084430
0.090514
0.097036
0.086954
0.054441
0.069824
0.062570
0.056069
0.050243
0.064440
0.082648
0.061906
0.066366
0.071148
0.091252
0.097827
0.061249
0.065662
0.084216
0.108011
0.138531
0.103764
0.133083
0.099683
0.074665
0.095762
0.085813
0.076897
0.068908
0.073873
0.079196
0.070968
0.091020
0.116739
0.104610
0.134168
0.084002
0.107737
0.115500
0.123823
0.132745
0.118953
0.127524
0.163557
0.122509
0.131336
0.168446
0.150945
0.135262
0.173482
0.222501
0.285370
0.366004
0.327977
0.293901
0.315078
0.337781
0.302687
0.271238
0.243057
0.152176
0.195175
0.209238
0.224315
0.201010
0.215493
0.193104
0.173041
0.221935
0.284645
0.365074
0.273451
0.171205
0.153417
0.114914
0.102975
0.077131
0.082689
0.088647
0.079437
0.121887
0.130670
0.167592
0.125531
0.094026
0.084257
0.108064
0.096837
0.086776
0.077760
0.069681
0.074702
0.095809
0.102713
0.092041
0.118048
0.105784
0.094793
0.101623
0.091065
0.068210
0.073125
0.078394
0.070249
0.043982
0.027537
0.029521
0.031648
0.040591
0.043516
0.046651
0.059833
0.076739
0.082269
0.061622
0.094552
0.070822
0.090833
0.116499
0.124894
0.093549
0.083829
0.075120
0.067315
0.072165
0.077365
0.082940
0.088916
0.114040
0.122258
0.156802
0.168101
0.150636
0.193199
0.247789
0.222044
0.284785
0.365253
0.468459
0.419787
0.376172
0.482463
0.618786
0.463488
0.496885
0.532689
0.477344
0.732433
0.785209
0.841788
0.902444
1.157437
1.037182
1.111917
1.192038
0.892869
1.145157
1.026178
0.768636
0.824021
0.883396
0.791613
0.709367
0.760481
0.681469
1.045641
1.120986
1.437730
1.541327
1.381187
1.771453
1.899096
2.035937
1.824408
2.339910
3.001071
3.849049
3.449142
2.583503
2.769660
2.969230
4.555968
4.082615
4.376791
6.715721
6.017974
5.392722
4.832431
5.180636
4.642381
3.477273
5.335506
5.719960
4.284409
2.682435
2.875720
3.082932
3.305076
3.543225
3.798536
3.403877
2.549599
2.733312
2.930263
3.141406
4.029036
6.182129
7.928940
10.169329
9.112761
8.165967
10.473330
9.385177
8.410080
10.786418
8.079328
7.239906
7.761583
