1.072056
1.001602
0.935778
0.714459
0.601040
0.708462
0.661904
0.618404
0.646589
0.762153
0.796889
0.833209
0.982127
1.026890
1.073693
1.265591
1.323273
1.236310
1.155061
1.207707
1.128338
1.054186
1.242597
1.045337
1.092981
1.021152
0.954043
0.997527
0.931971
0.974448
0.819757
0.765883
0.715551
0.668526
0.624592
0.653059
0.682823
0.574427
0.536676
0.632595
0.532172
0.447690
0.468096
0.437334
0.515496
0.607629
0.511169
0.477577
0.446191
0.375360
0.315771
0.265643
0.248186
0.259497
0.271325
0.363038
0.379585
0.354639
0.418023
0.390551
0.364885
0.306960
0.320950
0.335580
0.350873
0.366866
0.342756
0.404015
0.422429
0.394668
0.368731
0.493370
0.515856
0.433965
0.405445
0.341083
0.356627
0.333190
0.311293
0.325481
0.340316
0.317951
0.297056
0.310596
0.324752
0.303410
0.231650
0.273053
0.255110
0.238344
0.222679
0.262479
0.309391
0.260276
0.272137
0.284541
0.335397
0.350683
0.267744
0.279946
0.329982
0.388956
0.458475
0.385694
0.454627
0.382456
0.321741
0.379245
0.354322
0.331036
0.309282
0.323378
0.338117
0.315897
0.372354
0.438906
0.410061
0.483349
0.369034
0.434989
0.454815
0.475545
0.497219
0.464542
0.485714
0.572525
0.481638
0.503589
0.593594
0.554584
0.518137
0.610744
0.719900
0.848565
1.000227
0.934494
0.873080
0.912872
0.954479
0.891753
0.833147
0.778394
0.594297
0.700515
0.732442
0.765825
0.715498
0.748106
0.698942
0.653009
0.769719
0.907289
1.069447
0.899675
0.686894
0.641751
0.539876
0.504397
0.424325
0.443665
0.463886
0.433401
0.579897
0.606328
0.714695
0.601239
0.505793
0.472553
0.557009
0.520406
0.486206
0.454252
0.424400
0.443743
0.523050
0.546890
0.510948
0.602269
0.562692
0.525711
0.549671
0.513548
0.432023
0.451714
0.472302
0.441262
0.336899
0.257221
0.268943
0.281200
0.331461
0.346569
0.362362
0.427127
0.503465
0.526414
0.442848
0.592538
0.498474
0.587563
0.692577
0.724146
0.609189
0.569152
0.531751
0.496804
0.519445
0.543121
0.567876
0.593757
0.699878
0.731780
0.862565
0.901880
0.842611
0.993206
1.170719
1.093780
1.289270
1.519696
1.791309
1.673586
1.563601
1.843059
2.172461
1.827588
1.910885
1.997980
1.866676
2.497649
2.611486
2.730511
2.854962
3.365220
3.144063
3.287362
3.437193
2.891546
3.408344
3.184353
2.678844
2.800940
2.928599
2.736135
2.556322
2.672833
2.497179
3.341275
3.493563
4.117957
4.305644
4.022684
4.741646
4.957758
5.183720
4.843054
5.708639
6.728926
7.931566
7.410316
6.233945
6.518074
6.815151
9.118813
8.519540
8.907840
11.918874
11.135584
10.403772
9.720052
10.163068
9.495168
7.987833
10.687885
11.175012
9.401004
7.177589
7.504726
7.846772
8.204410
8.578345
8.969327
8.379876
7.049591
7.370893
7.706840
8.058100
9.498298
12.708921
14.980346
17.657738
16.497300
15.413123
18.167863
16.973900
15.858402
18.692725
15.725299
14.691858
15.361476
