0.850215
0.674280
0.534752
0.424095
0.511853
0.405936
0.321935
0.388553
0.468957
0.565998
0.683120
0.824478
0.995087
1.201001
1.449524
1.749474
1.387455
1.100349
1.328044
1.053232
0.835287
1.008133
0.799520
0.964964
0.765284
0.606924
0.732515
0.580936
0.701149
0.556060
0.440994
0.349739
0.277368
0.219972
0.265491
0.320429
0.254123
0.201537
0.243241
0.192907
0.152989
0.184647
0.146438
0.176740
0.213313
0.169172
0.134165
0.106403
0.084385
0.066923
0.053075
0.042092
0.050802
0.061314
0.074002
0.089315
0.070833
0.085491
0.067800
0.053770
0.042644
0.051468
0.062118
0.074972
0.090486
0.071762
0.086612
0.104534
0.082903
0.065748
0.079353
0.095774
0.075955
0.060238
0.047773
0.057658
0.045727
0.036265
0.043769
0.052826
0.041895
0.033226
0.040101
0.048399
0.038384
0.030441
0.036740
0.029138
0.023108
0.018326
0.022119
0.026696
0.021172
0.025553
0.030840
0.037222
0.044924
0.035628
0.043001
0.051899
0.062638
0.075600
0.059956
0.072363
0.057389
0.045513
0.054931
0.043564
0.034550
0.027400
0.033070
0.039913
0.031654
0.038204
0.046110
0.036568
0.044135
0.035002
0.042246
0.050987
0.061538
0.074272
0.058903
0.071092
0.085803
0.068048
0.082129
0.099124
0.078612
0.062345
0.075246
0.090817
0.109609
0.132291
0.104916
0.083206
0.100423
0.121204
0.096123
0.076233
0.060458
0.047947
0.057869
0.069844
0.084297
0.066853
0.080687
0.063990
0.050749
0.061250
0.073925
0.089222
0.070759
0.056117
0.044505
0.035295
0.027992
0.022199
0.026793
0.032337
0.025646
0.030953
0.037358
0.045088
0.035758
0.028359
0.022490
0.027144
0.021527
0.017073
0.013540
0.010738
0.012960
0.015642
0.018879
0.014972
0.018070
0.014331
0.011366
0.013717
0.010879
0.008628
0.010413
0.012568
0.009967
0.007905
0.006269
0.007566
0.009132
0.011021
0.013302
0.016055
0.019377
0.023387
0.028226
0.022385
0.027017
0.021427
0.025861
0.031212
0.037670
0.029875
0.023693
0.018790
0.014902
0.017986
0.021708
0.026200
0.031621
0.038164
0.046062
0.055593
0.067097
0.053213
0.064224
0.077514
0.061474
0.074195
0.089548
0.108078
0.085713
0.067977
0.082043
0.099020
0.078530
0.094780
0.114393
0.090722
0.109495
0.132153
0.159499
0.192504
0.232339
0.184261
0.222390
0.268409
0.212867
0.256916
0.203753
0.161590
0.195028
0.235385
0.186677
0.148048
0.178683
0.141708
0.171032
0.206424
0.249139
0.300693
0.238471
0.287818
0.347376
0.419258
0.332501
0.401305
0.484348
0.584574
0.463608
0.367673
0.443756
0.535582
0.646411
0.512649
0.618731
0.746765
0.592237
0.469686
0.372493
0.449574
0.356543
0.282764
0.341276
0.411896
0.326663
0.259066
0.312675
0.377377
0.455467
0.549717
0.663470
0.526178
0.417296
0.503647
0.607867
0.733653
0.885468
1.068698
1.289843
1.556751
1.234612
0.979134
1.181746
0.937207
0.743271
0.897076
0.711444
0.564225
0.680980
