59.824
60.196
60.377
60.813
60.384
58.976
58.919
58.692
59.584
60.059
60.697
61.491
61.339
61.377
62.158
63.222
63.979
64.837
65.255
67.225
68.405
69.024
69.457
69.694
68.479
73.339
73.828
74.858
76.188
77.530
77.706
76.304
74.597
72.884
71.475
70.892
72.066
71.095
73.002
73.526
75.071
75.802
79.880
80.378
82.762
84.813
86.648
87.864
91.938
94.068
95.490
98.308
100.028
100.882
103.676
103.436
102.669
102.442
101.498
99.209
98.511
96.181
94.892
90.106
90.672
89.731
85.869
85.424
85.055
83.847
84.653
85.385
85.062
84.670
84.955
85.374
84.730
84.445
85.576
86.238
88.444
89.802
92.331
93.580
95.054
95.335
96.115
96.658
98.462
99.088
100.763
101.519
102.475
104.295
104.875
106.110
102.131
103.399
105.392
107.071
109.757
112.015
113.836
115.108
115.727
116.874
118.048
118.401
117.514
117.386
116.950
118.238
116.956
117.405
117.042
117.963
117.869
118.794
118.033
118.107
118.701
119.000
119.548
119.074
117.838
117.976
117.463
117.915
120.491
120.115
121.491
122.970
124.800
127.500
128.600
129.700
131.700
131.100
132.900
133.500
132.700
132.800
133.100
134.100
135.900
137.400
138.000
139.500
141.800
143.400
147.200
148.200
151.700
155.200
159.600
162.000
166.600
170.300
173.500
176.400
179.900
181.800
182.700
186.400
190.400
192.300
194.800
198.200
203.400
206.800
213.100
217.600
220.300
225.000
230.800
235.100
239.200
244.100
247.900
252.800
