59.824000
70.076357
75.883510
90.985812
73.296322
26.193845
25.496127
22.788895
32.334204
39.438269
50.984526
69.365667
64.640062
65.743707
88.799516
130.691987
173.819796
238.063396
280.362073
513.628632
762.102781
952.165587
1116.784998
1221.807578
634.771909
1876.359456
2221.162192
3075.200169
4581.001234
6804.859683
7230.598106
3635.187692
1393.919414
511.745002
239.090174
185.342842
269.934488
169.697507
295.146705
353.533583
558.271843
708.092497
1757.966880
2060.019609
3743.938615
6301.017887
10058.225077
13948.472027
31772.977065
52060.230276
73749.481527
133731.745805
198216.179367
244855.925210
431753.697593
404208.248121
321602.625902
302005.747386
225306.704835
85269.571117
68735.522199
23929.827137
15091.216966
-5886.013333
-6904.991200
-4930.021911
917.870854
786.775901
693.110693
421.810268
533.559733
660.714475
591.830921
516.663626
564.593245
641.336735
508.006961
460.913772
631.046998
765.586093
1305.322429
1857.692303
3299.533369
4529.655447
6496.003533
7025.256089
8609.365525
9949.846317
15067.794569
17707.990514
25957.798081
31325.264613
39455.181363
58767.672350
67774.747450
89770.745917
-3004.742093
-4032.875946
-6175.207144
-8886.493381
-15030.410667
-23552.446293
-34104.829978
-44607.607406
-51218.724660
-65209.386908
-83262.042427
-90123.935099
-71516.385528
-69369.510787
-62268.509260
-81168.643750
-56913.713581
-62935.447304
-57572.591197
-70058.336206
-68519.747100
-83339.421916
-68625.737957
-69811.496032
-79488.001372
-85006.223482
-95794.823909
-85326.940924
-60916.900828
-62883.031204
-55347.082127
-61216.741044
-98074.404315
-89639.703077
-117940.742521
-157510.985215
-222112.626766
-354547.761008
-438849.791776
-542304.057413
-772773.665011
-675745.330227
-931447.053920
-1047342.195909
-874369.278136
-892528.814490
-948096.999837
-1144412.913625
-1567770.421556
-2044678.915983
-2290755.577085
-2976988.759477
-4329720.287743
-5676152.153494
-9821579.068898
-11660462.909229
-19250019.814670
-31490386.649409
-56095181.123791
-79343133.022885
-141434747.405295
-228003993.463335
-346079161.712286
-505503549.514301
-781926731.557339
-1009525174.788843
-1147260891.470512
-1787594291.095917
-2844810544.787603
-3627196048.365660
-4926804548.268968
-7296737651.475018
-12572791438.618155
-18364950355.596359
-33784104950.665024
-53445859520.485313
-71722641363.410172
-113894275002.659668
-194809111132.902679
-294837368975.431824
-436545426091.846680
-683004683735.685303
-976040218598.654907
-1507741927110.732422
