60.855785
61.905364
62.973046
61.886950
60.819586
59.770630
58.739766
59.752851
60.783408
61.831740
62.898152
61.813347
62.879442
63.963924
65.067110
66.189322
67.330889
68.492145
69.673429
70.875087
72.097470
73.340935
74.605846
73.319119
74.583654
75.869998
77.178528
78.509626
79.863681
81.241090
79.839925
78.462926
77.109676
75.779765
74.472792
75.757224
74.450639
75.734689
77.040885
78.369610
79.721250
81.096203
82.494869
83.917658
85.364986
86.837276
88.334958
89.858471
91.408260
92.984778
94.588487
96.219855
97.879358
99.567484
97.850243
96.162620
94.504103
92.874191
91.272390
89.698215
88.151190
86.630846
85.136724
86.605077
85.111399
83.643483
82.200884
80.783165
79.389898
80.759136
82.151989
80.735113
79.342675
80.711098
82.103122
80.687090
79.295479
80.663088
82.054285
83.469475
84.909073
86.373500
87.863184
89.378560
90.920072
92.488170
94.083314
95.705969
97.356610
99.035719
100.743788
102.481316
104.248811
106.046791
107.875780
106.015246
107.843691
109.703671
111.595730
113.520422
115.478309
117.469963
119.495968
121.556915
123.653407
125.786057
127.955489
125.748641
123.579854
121.448472
123.543094
121.412346
123.506345
121.376231
123.469607
121.340127
123.432880
121.304033
123.396164
125.524377
127.689296
129.891553
127.651314
125.449712
127.613343
125.412395
127.575383
129.775676
127.537435
129.737073
131.974648
134.250815
136.566239
138.921596
141.317577
143.754881
141.275541
143.712120
146.190723
143.669372
146.147237
148.667839
151.231913
153.840210
156.493492
159.192535
161.938129
164.731076
167.572193
170.462310
173.402274
176.392943
179.435192
182.529911
185.678004
188.880393
192.138013
195.451817
198.822774
202.251871
205.740109
209.288509
212.898107
216.569961
220.305143
224.104746
227.969881
231.901677
235.901285
239.969875
244.108635
248.318777
252.601531
256.958149
261.389907
265.898098
270.484043
275.149081
279.894577
