962.130
945.500
987.180
1004.860
980.000
996.000
947.000
935.000
852.000
853.000
860.000
878.000
853.000
833.000
813.000
845.000
847.000
805.000
818.000
832.000
917.000
989.000
1028.000
1033.000
1064.000
1087.000
1130.000
1168.000
1213.000
1222.000
1214.000
1189.000
1237.000
1252.000
1250.000
1257.700
1259.100
1164.500
1162.000
1152.700
1143.420
1121.140
1113.270
1212.820
1213.510
1199.280
1211.300
1188.960
1238.160
1283.100
1268.800
1266.360
1279.400
1314.000
1342.000
1328.000
1318.000
1346.000
1424.000
1515.000
1536.000
1654.000
1753.000
1806.000
1807.000
1867.000
1815.000
1847.000
1823.000
1813.000
1885.000
1927.000
2040.000
2204.000
2293.000
2300.000
2292.000
2379.000
2476.000
2652.000
2579.000
2268.000
1937.000
1912.000
1947.000
1977.000
2043.000
2036.000
1987.000
2101.000
2104.000
2050.000
2085.000
2144.000
2100.000
2155.000
2222.000
2311.000
2280.000
2349.000
2447.000
2494.000
2544.000
2692.000
2692.000
2699.000
2630.000
2724.000
2703.000
2618.000
2690.000
2712.000
2775.000
2892.000
2935.000
2700.000
2554.000
2464.000
2510.000
2611.000
2570.000
2827.000
2913.000
2930.000
2927.000
2968.000
2972.000
3006.000
3010.000
3011.000
2995.000
2943.000
3220.000
3257.000
3249.000
3283.000
3369.000
3340.000
3329.000
3299.000
3286.000
3197.000
3234.000
3276.000
3276.000
3364.000
3438.000
3427.000
3493.000
3512.000
3532.000
3598.000
3596.000
3628.000
3680.000
3741.000
3860.000
3934.000
3806.000
3652.000
3704.000
3738.000
3707.000
3819.000
3878.000
3862.000
3786.000
3781.000
