962.130000
847.516356
1105.005152
1241.398845
1029.732908
1145.600657
757.169492
691.044072
268.262257
270.432278
285.727353
326.943743
262.784003
220.319704
183.862580
233.739181
237.552024
156.368353
173.772005
194.269398
331.056158
510.202896
648.864208
670.614986
809.315700
929.888194
1183.409064
1457.682733
1844.741360
1939.073843
1851.584088
1588.794089
2030.843758
2200.567322
2176.340057
2268.735710
2286.140907
1102.341880
1086.031619
1026.126580
969.191925
839.036204
798.444278
1290.517173
1295.577290
1190.871925
1273.132739
1111.306400
1428.245445
1785.520931
1648.374487
1626.527246
1741.959139
2066.636336
2370.144795
2199.735033
2085.574400
2390.934563
3345.842064
4819.446470
5279.859805
8075.345371
11406.577269
13783.381280
13835.980838
17002.244825
13738.551353
15407.943484
14028.089618
13497.747725
17192.115018
19832.159932
27847.294465
43276.400345
55320.479961
56484.402280
55130.352098
69552.816544
89097.835014
132746.729661
107563.162723
18167.451925
-106.102653
-96.664637
-108.859920
-120.420174
-148.126605
-144.628710
-120.639448
-168.341866
-169.998518
-139.928255
-156.393328
-186.893919
-160.459660
-189.423313
-230.012002
-293.507147
-266.372480
-321.930616
-414.496172
-469.365354
-534.218142
-748.412148
-748.412148
-761.824591
-627.595928
-782.191230
-740.631837
-580.115467
-690.072084
-728.968442
-845.677258
-1091.414849
-1203.256636
-539.265788
-338.293567
-256.133757
-289.089265
-369.261445
-329.298726
-556.250783
-672.874626
-699.938294
-694.999085
-762.093974
-769.172595
-829.818012
-837.428245
-839.345700
-808.606386
-711.848192
-1173.613142
-1266.555757
-1245.114975
-1334.916298
-1575.921088
-1482.428857
-1448.780478
-1358.798794
-1321.895914
-1075.142154
-1160.899049
-1264.806766
-1264.806766
-1498.963704
-1726.217382
-1688.152335
-1912.223275
-1983.909826
-2061.774683
-2327.301577
-2318.385669
-2460.572721
-2703.634315
-3012.503113
-3672.939250
-4158.230244
-3225.774522
-2326.214771
-2554.494030
-2716.099815
-2560.856755
-3094.099303
-3423.542597
-3326.193487
-2875.072634
-2848.903925
