927.679973
960.896482
995.302342
959.664546
994.026295
958.434189
924.116495
891.027580
922.931713
955.978206
990.207962
954.752575
920.566705
887.604893
919.386474
952.306026
918.207757
951.085103
985.139657
1020.413567
1056.950495
1094.795665
1133.995918
1174.599776
1216.657496
1260.221134
1305.344612
1352.083781
1400.496493
1350.350316
1301.999672
1348.619073
1396.907727
1346.890049
1395.116794
1445.070346
1393.328157
1343.438649
1295.335485
1248.954703
1204.234631
1161.115805
1202.690718
1245.754262
1201.148785
1244.157118
1199.608828
1242.562022
1287.053198
1240.968971
1196.534836
1239.377962
1283.755130
1329.721266
1282.109266
1236.202062
1280.465513
1326.313861
1373.803855
1422.994276
1473.946009
1526.722120
1581.387932
1638.011108
1696.661734
1635.911064
1694.486495
1633.813712
1575.313378
1631.719049
1690.144381
1750.661691
1813.345884
1878.274546
1945.528045
1875.866467
1943.033742
2012.606008
2084.669379
2010.025707
1938.054727
1868.660739
1801.751473
1866.264986
1933.088470
2002.304636
1930.610116
1861.482690
1928.134940
1997.173739
1925.662936
1994.613223
2066.032344
1992.055990
2063.383547
2137.265058
2213.791971
2134.524936
2210.953736
2290.119145
2372.119151
2457.055250
2545.032570
2636.160006
2730.550351
2632.780265
2727.049595
2629.404858
2535.256387
2626.033778
2720.061543
2817.456067
2918.337898
3022.831905
2914.596386
2810.236348
2709.613025
2806.633429
2907.127746
2803.035130
2903.400606
3007.359768
3115.041291
3003.504123
3111.047592
3222.441762
3337.824511
3457.338656
3581.132124
3452.906107
3329.271351
3448.479241
3571.955489
3444.058050
3567.375993
3695.109458
3562.802368
3435.232667
3312.230726
3193.632993
3079.281770
3189.538533
3303.743149
3422.036977
3544.566433
3671.483178
3540.022052
3666.776081
3798.068666
3934.062312
4074.925347
3929.018570
4069.701009
4215.420724
4366.358078
4522.699895
4684.639688
4516.901479
4355.169305
4511.110497
4672.635319
4505.326939
4666.644676
4833.738555
4660.661712
4493.782059
4332.877698
