2137.500
2132.400
2143.500
2156.500
2149.700
2142.000
2133.900
2138.300
2133.300
2145.900
2153.000
2167.600
2182.800
2178.000
2193.300
2204.300
2200.200
2184.900
2188.100
2207.200
2222.700
2230.200
2248.500
2273.200
2331.900
2372.300
2392.200
2396.800
2404.000
2413.700
2417.000
2421.500
2427.200
2442.400
2448.000
2454.000
2451.300
2462.100
2470.300
2478.700
2489.700
2498.400
2501.100
2503.400
2512.300
2518.100
2538.800
2560.300
2582.300
2594.700
2594.700
2591.500
2600.600
2624.200
2636.300
2648.900
2662.400
2661.800
2664.300
2671.200
2668.300
2682.200
2719.300
2753.800
2772.900
2787.000
2812.100
2832.700
2844.200
2863.000
2873.400
2891.200
2889.900
2881.900
2874.200
2875.200
2871.200
2862.900
2860.400
2862.800
2866.700
2876.700
2867.700
2868.400
2881.200
2896.800
2905.600
2910.000
2918.300
2917.400
2913.900
2909.300
2895.700
2895.900
2899.500
2898.600
2886.200
2877.200
2870.400
2852.700
2838.800
2852.200
2864.100
2880.000
2893.200
2892.500
2902.000
2910.300
2893.600
2893.000
2888.000
2892.300
2889.500
2887.100
2880.600
2871.700
2865.100
2848.000
2837.000
2837.600
2827.700
2835.900
2852.700
2851.400
2853.600
2856.400
2849.000
2845.100
2836.600
2835.500
2834.800
2838.400
2846.400
2857.800
2848.300
2837.700
2833.300
2818.300
2816.100
2814.000
2815.300
2815.000
2808.400
2802.700
2791.000
2775.300
2769.200
2763.000
2775.300
2778.400
2777.700
2773.300
2777.700
2771.900
2772.800
2772.300
2788.700
2777.800
2780.100
2781.900
2780.000
2769.000
2769.100
2755.800
2748.300
2741.300
2739.900
2736.900
