2137.500000
1809.566558
2415.248183
3357.131621
2676.451055
2060.015463
1559.114848
1765.829972
1500.329203
2070.126922
2510.541184
3605.232588
5230.830997
4491.202709
6519.874287
8622.439141
7591.201336
4196.861567
4592.099473
7169.565918
10406.981143
12664.964380
19347.276899
33013.214730
87828.768079
185670.417595
285818.286861
321158.233501
383193.020138
482612.249567
525039.464322
587894.972724
676877.689379
949438.715770
1089414.756408
1261106.188251
1171887.384784
1503880.212487
1825940.325729
2225178.168021
2860142.076597
3502793.349945
3746199.664916
3967714.712063
4874732.341814
5598372.736725
8557575.437003
13217471.590579
20520378.121644
26856388.515291
26856388.515291
24726651.547354
30309695.152741
47995936.417767
62226052.421855
81349381.475344
108008021.622541
106442894.963344
112871204.749107
131667171.084981
122475708.397537
163500429.389478
308918099.131104
560929888.612853
811094045.737803
1076292904.071981
1699572287.552933
2500128133.077456
3152770190.213318
4492772554.811875
5542174721.111965
7749771033.679191
7525708305.009714
6186123893.465425
5123337553.456156
5237955208.087037
4769390857.085699
3882861556.782599
3664839080.418884
3862561043.756031
4200909723.766705
5143182479.382091
4108527859.278507
4173013956.229238
5370403951.130723
7240111484.677140
8654357441.854649
9497046219.006069
11238809725.474421
11015941361.567289
10166156063.499769
9134213578.727993
6388614657.198099
6416987225.818695
6929926138.181495
6791612968.480948
4923419462.019272
3936234668.018931
3338049865.585435
2014503386.393592
1383339368.889131
1803208813.487839
2286967235.790375
3103332320.016092
4017919816.761854
3955411704.837508
4790740522.115830
5671787093.229486
3579052449.446762
3531332898.363033
3138890642.893885
3439403449.155608
3225305085.410998
3053048879.917009
2611070709.914835
2092340889.332225
1783131379.984640
1098817733.679641
825923793.457280
837155543.351786
649351166.933908
770432077.368641
1063905149.041283
1032730204.257355
1083965228.560710
1152355734.743905
960393943.075110
875858836.952959
707602651.730395
689958549.300777
679006209.216335
734452098.624576
867557413.440604
1090977737.729016
857780611.622741
652517034.510034
587460102.001609
387477319.940379
368028319.804626
350381437.341872
360789643.385626
358317542.621652
304298219.338374
264585389.557320
193563758.993586
123550644.828932
106089189.079631
90816200.454129
116811994.438447
125201854.734816
123173567.001051
110627708.412497
121913584.382768
105545031.460786
107748557.954975
106499224.247751
147009537.309162
110061978.935533
115921737.354424
120747794.951745
115444975.666975
86072641.685610
86272516.332031
59628419.783151
49193661.343025
41136935.581447
39786048.843240
36984921.287997
