2127.203663
2137.450403
2147.746501
2137.400806
2127.104947
2116.858682
2127.055590
2116.809564
2127.006235
2137.252024
2147.547167
2157.891902
2147.497337
2157.841831
2168.236155
2157.791762
2147.397679
2157.741694
2168.135535
2178.579444
2189.073661
2199.618429
2210.213991
2220.860592
2231.558477
2242.307895
2253.109092
2263.962318
2274.867825
2285.825863
2296.836686
2307.900549
2319.017705
2330.188414
2341.412931
2330.134345
2341.358602
2352.636927
2363.969579
2375.356820
2386.798914
2398.296124
2409.848717
2421.456958
2433.121116
2444.841461
2456.618262
2468.451792
2480.342325
2492.290134
2480.284772
2492.232304
2504.237387
2516.300298
2528.421317
2540.600722
2528.362649
2540.541771
2552.779561
2540.482822
2552.720328
2565.016782
2577.372467
2589.787671
2602.262678
2614.797777
2627.393258
2640.049411
2652.766529
2665.544906
2678.384835
2665.483056
2652.643424
2639.865640
2652.581873
2639.804386
2627.088449
2614.433764
2627.027491
2639.681882
2652.397230
2639.620633
2652.335685
2665.111986
2677.949831
2690.849515
2703.811337
2716.835596
2703.748599
2690.724642
2677.763422
2664.864635
2677.701288
2690.599775
2677.639156
2664.740968
2651.904911
2639.130685
2626.417993
2613.766537
2626.357051
2639.008213
2651.720315
2664.493652
2651.658786
2664.431826
2677.266394
2664.370002
2651.535732
2638.763284
2651.474207
2638.702056
2625.991428
2613.342027
2600.753559
2588.225729
2575.758245
2563.350818
2575.698479
2563.291339
2575.638714
2588.045565
2575.578950
2587.985514
2600.451840
2587.925463
2575.459426
2563.053438
2550.707210
2538.420453
2550.648025
2562.934496
2575.280152
2562.875027
2550.529658
2538.243757
2526.017037
2513.849213
2501.740001
2513.790882
2501.681952
2489.631350
2477.638796
2465.704010
2453.826713
2442.006630
2430.243484
2441.949967
2453.712840
2441.893305
2430.130705
2441.836645
2430.074318
2441.779986
2430.017931
2441.723328
2429.961547
2441.666671
2453.428180
2441.610016
2429.848781
2441.553362
2429.792400
2418.088090
2406.440159
2394.848337
2383.312353
