0.000001
0.000004
0.000015
0.000061
0.000244
0.000976
0.003905
0.015605
0.062175
0.244835
0.919395
2.832294
3.307287
2.291000
3.915319
0.331553
1.216286
3.385792
2.079582
3.993667
0.025293
0.100531
0.392019
1.414396
3.657068
1.254124
3.443670
1.915818
3.992913
0.028296
0.112383
0.436903
1.556727
3.803509
0.747354
2.430878
3.814344
0.708156
2.331138
3.890348
0.426586
1.524368
3.773774
0.853726
2.686055
3.529328
1.661155
3.885184
0.446081
1.585336
3.828053
0.658221
2.199629
3.960148
0.157819
0.606368
2.057789
3.996660
0.013347
0.053211
0.210012
0.795944
2.550248
3.697227
1.119421
3.224580
2.500403
3.749597
0.938910
2.874087
3.235972
2.472374
3.776863
0.842759
2.660794
3.563351
1.555933
3.802804
0.749897
2.437243
3.808819
0.728174
2.382460
3.853725
0.563705
1.937057
3.996038
0.015832
0.063075
0.248323
0.931629
2.858584
3.262834
2.405250
3.835773
0.629939
2.122933
3.984888
0.060221
0.237258
0.892742
2.773979
3.400956
2.037323
3.998607
0.005570
0.022249
0.088500
0.346167
1.264837
3.459536
1.869755
3.983036
0.067567
0.265702
0.992210
2.984359
3.031038
2.936962
3.122103
2.740885
3.451089
1.894341
3.988836
0.044531
0.176141
0.673538
2.240500
3.942160
0.228015
0.860069
2.700558
3.509219
1.722258
3.922859
0.302613
1.118877
3.223622
2.502750
3.747242
0.947145
2.891497
3.205234
2.547412
3.700341
1.108842
3.205837
2.545956
3.701932
1.103429
3.196160
2.569202
3.676009
1.190992
3.345506
2.189613
3.964047
0.142519
0.549765
1.896819
3.989354
0.042472
0.168083
0.644081
2.161482
3.973923
0.103626
0.403767
1.452039
3.699739
1.110888
3.209479
2.537161
3.711459
1.070910
3.136791
2.707707
3.499151
1.752545
3.938766
0.241186
0.906574
2.804420
3.352909
2.169637
3.971223
0.114279
0.444055
1.579036
3.822790
0.677438
2.250829
3.937085
0.247702
0.929452
2.853927
3.270808
2.385047
3.851739
0.571063
1.958139
3.998248
0.007006
0.027976
0.111120
0.432133
1.541795
3.790048
0.795729
2.549732
3.697795
1.117492
3.221179
2.508721
3.741203
0.968212
2.935414
3.125001
2.734373
3.460697
1.866365
3.982142
0.071114
0.279399
1.039531
3.077499
2.838995
3.296087
2.320157
3.897499
0.399497
1.438389
3.684594
1.162145
3.297998
2.315201
3.900649
0.387535
1.399957
3.639948
1.310570
3.524686
1.675332
3.894591
0.410525
1.473570
3.722871
1.031715
3.062425
2.871253
3.240918
2.460122
3.788288
0.802027
2.564860
3.680933
1.174465
3.318492
2.261578
3.931577
0.269010
1.003673
3.007332
2.985283
3.029218
2.940710
3.115064
2.756632
3.427507
1.962223
3.998573
0.005706
0.022793
0.090653
0.354394
1.291981
3.498709
1.753872
3.939421
0.238646
0.897631
2.784783
3.384116
2.084222
3.992907
0.028323
0.112491
0.437309
1.557996
3.804633
0.743300
2.420706
3.823006
0.676648
2.248740
3.938129
0.243658
0.915262
2.823343
3.322106
