0.000001
0.000002
0.000004
0.000008
0.000016
0.000031
0.000063
0.000126
0.000252
0.000499
0.000960
0.001628
0.001720
0.001543
0.001909
0.001324
0.002507
0.004004
0.003487
0.004561
0.003044
0.006075
0.011973
0.022427
0.034333
0.026780
0.042434
0.036131
0.049246
0.032875
0.065583
0.128989
0.239680
0.355497
0.259861
0.455849
0.542708
0.394740
0.697634
0.853861
0.599331
1.115710
1.666927
1.235086
2.122601
2.345708
1.929997
2.795124
1.966747
3.648449
5.376493
3.885929
6.932659
8.790396
5.964606
11.640386
20.969013
27.583852
18.379454
36.758504
73.024405
141.236968
245.460062
282.421352
216.494115
352.805077
326.277375
380.853170
285.270601
482.125840
502.450548
462.754563
544.501256
402.877408
693.858647
772.658902
626.925113
930.032239
680.054769
1192.372814
1417.033119
1033.304179
1819.257666
2195.400447
1567.884455
2846.786447
3859.899849
2572.702285
5143.006044
10200.164198
19597.368809
33168.610095
34739.043683
31682.062386
37990.783056
27360.138185
49070.701124
63480.183767
42547.828275
84425.903118
162518.556183
277179.030085
298154.033660
258129.119344
341326.725274
227207.677572
454995.786078
908605.711433
1794300.776899
3388572.515371
5357140.512824
4532915.636545
6248228.773811
4191771.394993
8307221.916488
15912141.428866
26608601.651664
26747944.846240
26469992.007645
27028656.822740
25923703.662277
28172668.060667
23917826.745940
32771757.415515
21922068.826788
43614149.478774
84848897.397427
150938904.268938
189320432.877209
129601047.592258
249880795.837943
428910891.822108
471911371.145516
391455400.874781
558918304.406891
386224423.645164
735024063.725526
1197950443.740255
1108260008.589697
1292765600.668671
969340028.676294
1635575574.063731
1694992043.449132
1578523257.342072
1817715775.117884
1391500994.520035
2272558957.763990
2115944237.797220
2437602991.157832
1864739702.323389
3048818115.741358
2848585562.629558
3259447724.418427
2521730284.380360
4049058386.183326
3580673263.527460
4552190283.293724
3082885506.104357
6032292387.453074
10980905872.795269
15036721840.598495
10055934895.104540
20013213204.934872
38988632946.437569
69741889987.774170
89321281897.905624
60195806351.714806
118569350102.651871
221633787376.735291
336499196740.289856
257665256809.744751
420634866622.439941
391133733220.324890
451744363429.461121
344138598668.229370
566407624316.430786
540467081459.713806
593357987035.947754
494196669489.547180
700600584251.076416
480398651690.435913
924127721605.197510
1571841207952.354248
1674767604649.919434
1476883638966.394287
1887472753718.199463
1273720667108.001709
2504329541036.079590
4647400423229.125000
6858389180275.370117
4969075055114.291992
8833064187931.845703
11048634946491.646484
7582217930300.202148
14569127601726.640625
24668911625010.570312
25875370335127.464844
23529298479113.281250
28373745298268.136719
20282480975986.011719
36776653942176.632812
49605136852408.710938
33026141232684.324219
66122435061588.945312
131916598005152.859375
259508485661295.687500
482617992934541.437500
718239695703810.125000
528256148488004.375000
918110996043978.500000
1056518490648847.250000
809688338453286.750000
1320014481659094.750000
1222264578365611.500000
1423306523859216.250000
1070099884640929.125000
1798040658183353.000000
1836921166439449.250000
1760044072122014.750000
1916571126656183.750000
1620951434804396.000000
2236180076563277.500000
1500863784231152.000000
2972625147912652.500000
5680306464480747.000000
9408727204935346.000000
9164596808840804.000000
9658618011037190.000000
8701141287852483.000000
10681655425196090.000000
7471945113552448.000000
13977491606862436.000000
21285440624630036.000000
16406689877321212.000000
26502129654010712.000000
23857971421360340.000000
29328005694251272.000000
20484364072528680.000000
38401408084486456.000000
58973192216074016.000000
46337685611576872.000000
72547727733368832.000000
59803407836083096.000000
86326629247745408.000000
60470558144705824.000000
112896863033408848.000000
170593687647290528.000000
129306331342176608.000000
214518415018476448.000000
210034920594080736.000000
219088527009900544.000000
201416661215744192.000000
237823614675168544.000000
175056381918128288.000000
303879368489764864.000000
348150781616097216.000000
268779232129004640.000000
433057120721623808.000000
386878889710568320.000000
482526231653457472.000000
332027460949497728.000000
635617123949835008.000000
1060452224262349440.000000
1057849118211762816.000000
1063061570390432896.000000
1052662281346466560.000000
1073558226080570368.000000
1032200310910405120.000000
1116304965752821888.000000
956526021965536256.000000
1288874798733269760.000000
857967570132816128.000000
1718165032263023360.000000
3430822344911432704.000000
6772672170853138432.000000
12771667213457551360.000000
20075208770231095296.000000
16723237075964379136.000000
23700357708904886272.000000
16246031069166319616.000000
31265752622706966528.000000
53273275332652941312.000000
57111933705338748928.000000
49767086002518138880.000000
65026073928556683264.000000
43409383919165374464.000000
86599523716972691456.000000
170319875828786135040.000000
316454956232506802176.000000
469236784554316136448.000000
342826303225735348224.000000
601851151066437517312.000000
718580809622017015808.000000
520577703311351611392.000000
925520754189128171520.000000
1158313697455051374592.000000
794497736409651609600.000000
1527691049604467654656.000000
2593992848520279752704.000000
2747416598187108466688.000000
