0.000003
0.000007
0.000020
0.000053
0.000142
0.000384
0.001034
0.002788
0.007517
0.020263
0.054622
0.147244
-0.102436
-0.276136
0.192104
0.517854
1.395973
-0.971163
-2.617954
1.821282
4.909609
13.234779
35.676849
96.173689
-66.906978
-180.360403
125.474749
338.240900
-235.310473
-634.323855
-1709.939838
-4609.466012
-12425.686824
8644.413641
23302.650764
62816.699334
-43700.886743
-117803.999684
-317562.946104
220925.048412
595545.222829
1605404.706181
-1116862.394639
-3010713.671741
-8115947.727062
5646175.558292
15220333.344557
-10588618.484142
-28543622.372898
-76944728.850774
53529601.469466
144299157.855623
388985652.540667
-270613039.630364
-729488594.188137
-1966474378.978426
-5301003352.193974
3687849721.084473
9941295926.780483
26798642075.566956
72240804658.043015
194738742467.835327
524955085944.376526
-365205478785.557373
-984480391901.960327
684892179361.882935
1846256314091.854736
-1284420208894.248291
-3462397428493.927246
-9333546661619.367188
6493245743475.316406
17503771124983.232422
-12177181030168.460938
-32825892954033.789062
-88488398551366.390625
61560405499801.531250
165947707941354.500000
-115447994990012.968750
-311211890166633.062500
-838930468991400.875000
583634699042158.625000
1573297638226257.500000
4241121137092502.000000
-2950501322742745.500000
-7953633960203069.000000
-21440523576545852.000000
14915936406443608.000000
40208725695549560.000000
108390219561510304.000000
292186322579548160.000000
787643455728139648.000000
2123241799528333056.000000
-1477115964272066560.000000
-3981845256612602880.000000
2770125944727565312.000000
7467398037816706048.000000
20129782749164077056.000000
-14004068430983206912.000000
-37750613224648687616.000000
-101763912812940001280.000000
-274323860366801403904.000000
-739491812828322463744.000000
514456319774722818048.000000
1386814242197202796544.000000
-964791413339929837568.000000
-2600777600234901995520.000000
-7010887568399622209536.000000
-18899172498371608838144.000000
-50946291412962860072960.000000
-137335357352718446362624.000000
95542697421355341578240.000000
257553398469075956400128.000000
-179177066227552984498176.000000
-483005646481886107664384.000000
-1302033008159109012258816.000000
-3509876057731420557148160.000000
-9461534280189955887071232.000000
6582285321851069832101888.000000
17743794136975389069672448.000000
-12344162399358271379996672.000000
-33276022794163697448124416.000000
23149763021648950407987200.000000
62404561530065836352471040.000000
-43414167006289969874468864.000000
-117031092443018795484708864.000000
-315479428556628876045844480.000000
-850434425286390391186128896.000000
-2292506725465844485747376128.000000
1594871711332607993346785280.000000
4299278128650486806646620160.000000
11589516759343702028796821504.000000
31241732843478465174562668544.000000
-21734529880146690505925722112.000000
-58589533118082753301028274176.000000
40760093705385875134465703936.000000
109876536240577949728331792384.000000
296192970101827328333574045696.000000
-206058191177170160758825156608.000000
-555468799316194630283779112960.000000
386433533527484098952787132416.000000
1041704625561170111025263935488.000000
2808111700374364920638540349440.000000
-1953572420721741444442046332928.000000
-5266223685242970217699715579904.000000
3663653889362996861445242617856.000000
9876071489363047847162403618816.000000
-6870674298363489690389917466624.000000
-18521201128681177465748010827776.000000
12884995892011079428647885471744.000000
34733941691139454496749035454464.000000
-24164021161167118011562096328704.000000
-65138686039925428881701075943424.000000
45316267352429685404400955162624.000000
122158563423003822615152446930944.000000
-84984368829186113143209403088896.000000
-229091428224779884667828579598336.000000
159376386610268901720691644039168.000000
429629172245049201046128265527296.000000
1158146633700084477056188487303168.000000
3122003140852347192245793832566784.000000
-2171943243056428593913181300064256.000000
-5854883508931540948634645408251904.000000
-15782945071308156064258296748441600.000000
-42545911416329611778792550943424512.000000
-114690545399974158758261071479308288.000000
79788950838762625706101310949949440.000000
215086197097593176206363094822158336.000000
579805495567813879125800016471392256.000000
1562975296541704772829849047030300672.000000
-1087344721075802047575220216504778752.000000
-2931143203812107782641862058566483968.000000
2039164084316841375406713506845687808.000000
5496952191287982088273017068958253056.000000
-3824169173004945087041833822276550656.000000
-10308770773808527068832988673704198144.000000
7171698430860080413538536321366097920.000000
19332668571386779630427811420487811072.000000
-13449524865759498333102649559203446784.000000
-36255736235854355712624447445534769152.000000
25222716886185281460626323684376707072.000000
67992600460203910638240102630171869184.000000
183286905141966618065465198720466288640.000000
494084494035242860084918484940057739264.000000
-343729147570884079465516607754446307328.000000
-926586882086208986283053396602164084736.000000
644616301411672648882267939857248550912.000000
1737685072936130500669154370868777844736.000000
4684258536578124479807866066102011297792.000000
12627304210209747170348032557689994215424.000000
-8784676638696608744988854373785280708608.000000
-23680756183491421663842146611154158354432.000000
-63835953955519807094778203624081346002944.000000
44409970971361617228766877205382907822080.000000
119715470237818833026809050255291932737536.000000
322715676249915610835127844718086203637760.000000
869941098594458837448220467881520612245504.000000
-605208452940080506212378331070487714594816.000000
-1631453769297592796221336782045287918075904.000000
1134984441308872980944250120149373749821440.000000
3059565073607474544174988430127115796480000.000000
8247635913707859912287470167345263085092864.000000
-5737789581171507381780035438353617763958784.000000
-15467296258278638853949498405831910558269440.000000
-41695020383182887830756332630791977529507840.000000
-112396807801721902367853283122300171568807936.000000
-302986838426215907889909091885779547538325504.000000
-816758287490327463111853780414381550133575680.000000
568209756265858425846473380122936530324946944.000000
1531716789658555530696638784808749814056484864.000000
4129032100997882080055007057751786943957434368.000000
-2872522213311115575629668034362729403248541696.000000
-7743426532678427411660943416273098143936020480.000000
5387016661092522669695337040109910046665605120.000000
14521721556123841757875747877020891001686851584.000000
-10102601947658239831509975876143431705727860736.000000
-27233472941680892371675647306896747121680056320.000000
-73412973440686821967974857125499138330857570304.000000
51072598079977976461232396260430475569540366336.000000
137675840845617747850151375903380281061925715968.000000
-95779568042046957245867954314424921754127302656.000000
-258191927995697532825429932992990681156871520256.000000
179621284195398812024537738023128490598285180928.000000
484203119971410405068973195076320156671637716992.000000
1305261024272611345205335160688928422366961205248.000000
3518577785260411336011124942520211620807600766976.000000
-2447835860850030387856477692527369978469274353664.000000
-6598604203898957537639502511849865997174020505600.000000
4590576360006262121450440973125237265157494669312.000000
12374766197328921043666505756551118190303202246656.000000
-8608988721053559468751648613491989761197778927616.000000
-23207156196468149971947957573868778390208726958080.000000
-62559275680101033579159087831087459334889148514304.000000
43521799938613810074412173322592356678708221706240.000000
117321237354721917429911143869518411099584266764288.000000
-81619094294069141071197672983524817183484248326144.000000
-220019694678484943812712780688123319017128960458752.000000
153065281371180506031416492477366613032616578777088.000000
412616395274196192772375344260278123844870592266240.000000
1112285477960302622565312822816505199040725440790528.000000
-773804771876725007741782107983373930944894664179712.000000
-2085937011695596920349361413702528208890257611948032.000000
1451163433729498132677725102110971758052931666968576.000000
3911885305506837229311449449661260198200380370190336.000000
-2721455576302746237563279711100923265721795887497216.000000
-7336197861027974277706848749766278618507868112945152.000000
-19776107875796638590810987862978008697166672903012352.000000
13758020712005087633252404977664593666792630123495424.000000
37087345095124283816892619299131286467922956147228672.000000
-25801258021881919584495105012112959255859233787215872.000000
-69552167435748848189218239208344210255339523594518528.000000
48386677811208685761641517390359748135569232463134720.000000
130435435122219320835129886087391453338230860139200512.000000
-90742497424741633531245564311169783405473534782210048.000000
-244613552140404359914691465301971940758480897206910976.000000
-659402061755814497865825032551553122342195641842663424.000000
458738760940840802388620620215254813766785611321049088.000000
1236617031741854193222872357232182608507736562860032000.000000
-860300866195458740089044899112727422094108405778087936.000000
-2319103581693569939394283914181124651476632026870710272.000000
1613374851644817870729495804539544930992327912004255744.000000
4349156840455567191706712815932400755316677433800785920.000000
11723974254090828107437544197961431387709919294291705856.000000
-8156239924854194150568677537138156532867491781211586560.000000
-21986686246790277603321810588046626148576612246687318016.000000
15295895768343281944740491580520108425070686399010701312.000000
41232977967869535485790077398659177833789961815717838848.000000
-28685329209489189062513424666697440010508799082695229440.000000
-77326726411398701524844147623158257733130975304751251456.000000
53795352970419553327206665685211493690492620140426821632.000000
145015541253477314940680599901709919813519730608223289344.000000
-100885716879090383103800769799758597571039719086251573248.000000
-271956517248078284983863165064007610548887975583062949888.000000
-733110192023954926481901159626337231450025818903285858304.000000
-1976237080426863152494423419799746117997294321165213368320.000000
-5327320559098810099519426193333460115882332700952657657856.000000
-14360799430636512519981956174091127809146140829113603063808.000000
9990650195100085302565494565300181103215144511578721746944.000000
26931685833779151949768892277940531391815889221778319343616.000000
-18736077586015984084216155920642036933426404695435085086720.000000
-50506638251769840180068678283129786456302618733272146903040.000000
-136150189162275180264950368141490583987726816045568660340736.000000
-367018567272664398998348827575397287577144199161035299487744.000000
255330780047352623736514610528298274699186774792708965793792.000000
688292375135067950641449033342119580831802333134859777605632.000000
-478837434165340259151086872199940460216206234070437146394624.000000
-1290796804067731899651185265893737875945031227479865409142784.000000
-3479586745960539941869276084210998319130965856433325425557504.000000
-9379883715631621248878602574876756483334629056879499044454400.000000
-25285249353507290626287045431624812010953024098321578411950080.000000
17590669837492134828886393825419239007729414439054181134237696.000000
47418975183559332992083573068137569617609223563497912399822848.000000
127826809793593874985736177195489342054381563948584734931550208.000000
-88927705478495529973339770692407987870046676552805397924151296.000000
-239721437453620159572721158245674076381228223822724809403400192.000000
-646214442007911854642822014343375863127435137404625791253217280.000000
449564278946042175723677998930676504165776107249167234922184704.000000
1211885481547777455915813657019853428573987172327205725701931008.000000
3266866361868046535758395218307391831084086114951894439326384128.000000
8806455716157712389427208088922940324465259664606273423957557248.000000
