13.812
11.500
11.500
12.000
12.844
13.125
12.875
12.750
13.125
13.250
13.000
13.000
13.188
13.188
13.125
12.875
13.000
12.125
13.812
14.125
14.156
13.938
14.125
14.062
14.188
15.000
15.500
16.438
16.562
16.625
16.625
16.906
16.875
16.875
16.344
16.188
16.188
16.250
16.500
16.562
16.812
16.938
17.125
18.062
17.812
17.500
18.562
18.688
18.625
18.750
19.062
19.062
18.812
18.625
18.625
18.000
17.625
18.062
18.312
18.969
19.125
18.062
17.250
17.000
17.062
17.500
18.000
17.500
17.875
18.938
18.375
19.188
19.562
19.562
19.375
19.125
18.375
18.438
19.188
19.938
21.250
20.562
24.688
24.906
24.375
24.688
24.938
25.031
24.250
24.375
24.312
24.375
24.938
25.625
25.250
25.500
25.562
25.750
25.562
26.094
27.500
26.125
26.688
25.875
24.750
24.625
25.750
26.938
27.625
26.875
27.188
27.375
28.250
29.625
29.562
29.750
29.812
29.812
31.156
32.438
32.125
33.688
33.500
32.312
31.125
30.812
31.562
31.344
31.438
31.344
31.000
31.344
31.344
31.344
34.250
33.312
34.938
35.188
35.062
36.125
35.125
32.625
35.500
36.125
39.250
41.000
43.625
45.812
46.625
46.000
44.250
43.375
42.500
44.000
44.500
44.500
44.500
43.250
45.125
46.000
49.125
51.375
54.250
52.500
49.812
53.375
56.875
56.750
56.500
53.375
54.625
55.375
54.500
54.500
54.500
56.625
56.875
58.500
58.625
59.000
58.250
59.125
56.000
55.250
57.125
59.625
58.250
56.875
56.000
54.625
54.625
54.750
58.125
57.250
55.500
54.375
50.125
52.875
50.812
46.750
45.625
46.375
47.750
45.875
40.250
45.125
45.000
45.688
44.438
47.500
44.625
43.125
43.625
43.500
43.875
42.125
42.125
41.000
40.500
40.750
28.000
28.625
30.125
30.000
29.062
28.125
27.125
26.250
26.000
24.750
25.750
26.000
27.125
26.875
28.000
29.000
29.000
27.125
26.875
25.375
24.875
26.000
26.500
28.000
29.250
28.500
26.250
25.375
25.375
26.500
25.375
25.500
26.000
27.625
26.875
19.875
19.750
21.000
19.875
19.875
19.500
19.500
18.125
18.000
19.375
18.500
17.750
18.250
18.250
20.125
20.438
19.875
21.750
21.000
21.750
21.375
22.125
21.875
24.375
25.750
26.375
25.000
23.875
23.562
23.312
19.625
19.125
18.875
18.875
19.500
20.000
20.125
19.375
18.375
18.875
18.812
18.875
19.000
19.250
18.000
17.875
17.750
18.125
17.625
17.875
17.562
18.625
19.750
18.625
18.125
18.125
18.125
17.125
17.250
17.875
18.062
18.000
18.125
18.125
17.875
18.500
