13.812000
11.594031
11.594031
12.077618
12.892529
13.163119
12.922590
12.802230
13.163453
13.283720
13.043277
13.043277
13.224232
13.224232
13.163628
12.923090
13.043454
12.201235
13.829799
14.130456
14.160206
13.951010
14.130572
14.070111
14.191056
14.970199
15.448910
16.345795
16.464085
16.524165
16.524165
16.792101
16.762563
16.762563
16.256553
16.107698
16.107698
16.166882
16.405487
16.464625
16.703047
16.823139
17.001317
17.893716
17.656119
17.359427
18.370051
18.489677
18.429880
18.548540
18.844635
18.844635
18.607537
18.430093
18.430093
17.836786
17.480300
17.896085
18.133714
18.757857
18.905847
17.897765
17.125873
16.887767
16.946852
17.364203
17.840145
17.364741
17.721708
18.732730
18.198482
18.970924
19.325654
19.325654
19.148427
18.911399
18.199938
18.259800
18.972343
19.683753
20.926343
20.276377
24.179586
24.384413
23.885678
24.179920
24.414816
24.502162
23.768756
23.886292
23.827066
23.886298
24.415572
25.060824
24.708996
24.943690
25.001871
25.178272
25.001923
25.501104
26.819273
25.532848
26.060708
25.299105
24.243881
24.126417
25.183811
26.298434
26.941846
26.240142
26.533319
26.708393
27.527366
28.812701
28.753921
28.929344
28.987182
28.987182
30.240848
31.434583
31.143601
32.597226
32.422711
31.319678
30.215926
29.924426
30.623197
30.420283
30.507803
30.420294
30.100010
30.420439
30.420439
30.420439
33.126105
32.255782
33.766193
33.997981
33.881194
34.866617
33.940705
31.623246
34.296630
34.875886
37.770129
39.385657
41.804742
43.815253
44.561194
43.988153
42.382752
41.578760
40.774109
42.154666
42.614214
42.614214
42.614214
41.465870
43.190411
43.993836
46.860994
48.920007
51.546281
49.951125
47.497644
50.756922
53.949879
53.836130
53.608612
50.764127
51.904630
52.588295
51.791125
51.791125
51.791125
53.728374
53.955938
55.434837
55.548470
55.889340
55.207777
56.003350
53.163729
52.480673
54.189255
56.464324
55.215170
53.964817
53.168355
51.915977
51.915977
52.029946
55.106826
54.311000
52.718359
51.693206
47.817144
50.333832
48.449852
44.734212
43.701502
44.390666
45.653301
43.933542
38.765688
43.269951
43.154965
43.787922
42.638632
45.457154
42.817700
41.436986
41.897875
41.782706
42.128253
40.516264
40.516264
39.478235
39.016374
39.247420
27.466987
28.055154
29.465501
29.348210
28.467910
27.587394
26.646402
25.821800
25.585880
24.405819
25.351807
25.587931
26.650071
26.414438
27.475188
28.416536
28.416536
26.653984
26.418316
25.003775
24.531128
25.595454
26.067655
27.483171
28.660198
27.955210
25.837980
25.011742
25.011742
26.075537
25.013579
25.131787
25.604526
27.139723
26.432866
19.828040
19.708407
20.905043
19.830678
19.830678
19.471731
19.471731
18.154566
18.034455
19.356057
18.517465
17.797289
18.278231
18.278231
20.079755
20.379350
19.840798
21.636445
20.920704
21.637484
21.279597
21.995882
21.757450
24.142884
25.449400
26.041982
24.739559
23.671557
23.373846
23.135929
19.625598
19.145918
18.905824
18.905824
19.506384
19.986205
20.106039
19.387220
18.427286
18.908315
18.847771
18.908323
19.028451
19.268643
18.068320
17.947949
17.827543
18.188863
17.707509
17.948464
17.646959
18.671660
19.753608
18.674166
18.193235
18.193235
18.193235
17.230295
17.350948
17.954038
18.134225
18.074509
18.194922
18.194922
17.954164
18.556400
