13.176482
13.782759
14.416931
15.080283
15.774157
15.048356
14.355951
15.016497
15.707436
14.984706
15.674182
16.395382
17.149767
16.360672
15.607884
16.326034
15.574841
16.291471
17.041074
17.825168
17.004996
17.787430
16.968995
17.749772
18.566475
19.420755
20.314343
21.249046
22.226758
23.249455
24.319209
23.200234
24.267723
23.151116
22.085887
23.102103
24.165077
25.276961
26.440004
27.656561
28.929095
30.260181
31.652512
30.196117
28.806733
30.132188
31.518631
30.068395
31.451902
32.899067
34.412819
32.829417
31.318870
32.759913
31.252564
29.814571
31.186399
32.621348
34.122321
35.692358
34.050081
32.483369
30.988744
32.414598
33.906058
35.466144
33.834276
35.391058
37.019472
35.316132
36.941098
38.640831
40.418773
38.559025
36.784847
35.092303
36.706970
38.395931
40.162604
42.010566
40.077576
41.921625
43.850523
41.832873
43.757687
45.771066
47.877084
45.674164
47.775723
45.577467
47.674577
49.868180
52.162714
49.762603
52.052280
54.447310
56.952539
54.332039
56.831965
59.446917
56.711646
59.321062
56.591581
53.987690
51.503608
53.873392
56.352214
58.945093
56.232911
58.820300
61.526739
64.357708
67.318934
64.221456
67.176413
70.267334
73.500475
76.882379
80.419891
76.719611
80.249634
76.557187
73.034638
69.674168
66.468321
69.526661
66.327600
69.379466
66.187178
63.141773
66.047053
69.086010
72.264795
75.589843
72.111803
75.429811
78.900488
75.270118
78.733447
75.110764
71.654767
74.951746
78.400426
82.007787
85.781129
89.728090
93.856659
98.175192
93.657955
89.348565
85.237459
81.315513
85.057002
88.970645
93.064362
97.346440
92.867335
97.140347
101.609969
106.285247
111.175644
116.291057
110.940273
105.835689
110.705401
115.799178
110.471026
105.388033
100.538919
105.164916
110.003764
104.942271
109.770875
114.821652
120.104826
125.631089
131.411627
137.458139
143.782862
137.167125
143.478459
136.876728
130.578756
136.586946
142.871585
136.297777
130.026444
124.043667
118.336170
123.781054
129.476468
135.433939
129.202352
123.257494
117.586170
112.175795
117.337228
111.938307
106.787802
101.874282
106.561721
111.464839
106.336119
101.443381
106.110994
101.228615
105.886346
101.014304
105.662174
100.800446
96.162416
100.587041
95.958830
100.374087
95.755675
100.161585
95.552950
91.156368
95.350655
90.963380
95.148787
99.526773
94.947348
90.578630
86.410926
82.434987
78.641988
75.023513
71.571531
74.864680
78.309354
81.912524
78.143565
81.739107
85.500086
89.434116
85.319074
81.393373
77.648301
74.075547
77.483911
81.049101
84.778332
88.679153
84.598848
80.706285
76.992828
80.535422
84.241018
80.364920
84.062671
87.930562
91.976423
87.744404
83.707109
79.855577
83.529892
79.686515
83.353050
79.517810
83.176583
79.349462
75.698435
79.181471
75.538173
72.062511
75.378251
78.846555
82.474443
86.269257
82.299836
86.086616
82.125599
85.904362
81.951730
85.722493
81.778230
85.541010
89.476923
93.593935
89.287491
85.179195
81.259930
77.520998
73.954102
70.551326
67.305118
70.401961
73.641296
77.029679
80.573969
76.866600
73.329814
76.703865
73.174567
76.541475
80.063301
83.747174
79.893799
76.217725
72.710795
76.056365
72.556859
75.895345
72.403249
75.734667
79.219370
75.574329
72.097003
75.414330
78.884294
75.254670
78.717288
82.339228
86.127820
82.164907
85.945479
89.900002
85.763523
89.709674
