1.024979
1.036390
1.048214
1.062443
1.075396
1.088821
1.102894
1.116423
1.128983
1.139228
1.149557
1.161398
1.174415
1.186805
1.199346
1.211409
1.223886
1.235462
1.244378
1.252602
1.260681
1.269148
1.277546
1.285914
1.294605
1.303613
1.312510
1.321479
1.331159
1.341253
1.351693
1.361797
1.371590
1.381591
1.391953
1.402277
1.412911
1.424143
1.435643
1.447440
1.459345
1.471676
1.484517
1.497333
1.509486
1.520317
1.530554
1.540439
1.551042
1.562041
1.572390
1.582178
1.591341
1.600730
1.610255
1.619755
1.629406
1.639237
1.648936
1.658651
1.668423
1.677544
1.686001
1.694656
1.703440
1.711744
1.719604
1.727070
1.734525
1.742258
1.750258
1.758164
1.766354
1.774567
1.782923
1.791347
1.799871
1.808435
1.817522
1.827276
1.836626
1.845411
1.854285
1.863278
1.872066
1.880974
1.890254
1.900130
1.910391
1.921137
1.932504
1.944179
1.956103
1.968786
1.982058
1.995735
2.009871
2.024644
2.039238
2.053598
2.067511
2.081105
2.094788
2.108317
2.121634
2.135230
2.148807
2.162523
2.176436
2.190782
2.204986
2.219153
2.233466
2.247686
2.261640
2.275512
2.289089
2.302556
2.315489
2.327510
2.339051
2.350532
2.361618
2.372383
2.383415
2.394478
2.405094
2.415576
2.425580
2.434777
2.443055
2.450812
2.458655
2.466932
2.474662
2.482168
2.489739
2.496482
2.502994
2.509147
2.515106
2.521666
2.528454
2.534838
2.541027
2.547295
2.553409
2.559707
2.566277
2.572778
2.579253
2.585615
2.592079
2.598776
2.605403
2.611873
2.618925
2.626563
2.634552
2.643642
2.652850
2.662356
2.672251
2.682517
2.693560
2.705322
2.717902
