1.024979
2.685371
7.143294
21.252739
58.954934
166.045949
478.326887
1332.102431
3512.749987
8151.049560
18904.507836
47238.661174
124278.329657
315058.010602
799487.218839
1969550.514012
4921259.224082
11694254.719477
23974306.859227
47029238.073574
91165895.899691
180258930.192960
353818027.883311
691037058.999163
1370625772.371827
2758330235.359428
5497558104.534774
10963918044.236906
22649971418.825546
47641223761.903938
101599702219.111755
212107952257.407715
434053954285.595764
894575366737.259644
1870841044869.874512
3889892131525.517090
8182165732033.493164
17646663089078.304688
38381175583403.859375
84272478506152.046875
185128443784339.156250
412743228095539.875000
936770137089195.250000
2113528666357743.250000
4609618653482915.000000
9422348217224820.000000
18654112256014216.000000
36184422278794072.000000
72424814802318544.000000
147156371875230176.000000
289020313906335744.000000
550807900677934016.000000
1014969812211075968.000000
1886326975823907840.000000
3519570215771030528.000000
6540951791334240256.000000
12211837941958737920.000000
22932865466924654592.000000
42676655700536999936.000000
79262777692205170688.000000
147212036673567326208.000000
264314654148358766592.000000
458202527136620740608.000000
800460613856552419328.000000
1404183632523603738624.000000
2400211293898400595968.000000
4003900479208395636736.000000
6533372074326465970176.000000
10636944407654268141568.000000
17537297744788505755648.000000
29254588016506678804480.000000
48482659093943504863232.000000
81344958151265613774848.000000
136380305334944871219200.000000
229822855511756473630720.000000
387826091219036703555584.000000
656352953519587788324864.000000
1110775338503485064740864.000000
1922915237452031291555840.000000
3424501233836706146287616.000000
5974217071245633465090048.000000
10132260586399999893438464.000000
17221826813362367394480128.000000
29375129643568281864372224.000000
49534602783097599658295296.000000
83831492036450740770701312.000000
144012488346593397875671040.000000
253495834860439725412450304.000000
452684304286594896121298944.000000
823200335291673228112560128.000000
1531929094320373609869082624.000000
2878602072544112791273865216.000000
5447544356076212191030673408.000000
10587010887128322400445267968.000000
20971812731149752723878969344.000000
42028859067979933199200419840.000000
85345847697855225135095611392.000000
176624643937477737090228682752.000000
361877095611314360090301038592.000000
732672731789076304304791355392.000000
1454947385458122827588370956288.000000
2846929704602162461586313183232.000000
5570578285280998911273456369664.000000
10805532589346859581079189192704.000000
20736776777551159279695331065856.000000
40072879112118118466847634358272.000000
77149205390691356857974147514368.000000
148804538200484166593224225325056.000000
288108420513368759469129431252992.000000
564438314839776567101909320597504.000000
1096932635293767884102150257639424.000000
2122440531869656073572360948547584.000000
4114333277592660735551770376273920.000000
7925927964936984169221372204023808.000000
15085716454268801050947634535071744.000000
28549543927519234700720432486547456.000000
53335795682987466570574279894630400.000000
98993487665177212724394336553271296.000000
179899853746166469890584124913090560.000000
315798671628131053652675019455594496.000000
543648747789799080392778571780718592.000000
931929097056691425995791568405004288.000000
1571485088272505602089040238948122624.000000
2613806458533799667341491863004643328.000000
4382407475364977500785615881254207488.000000
7342279906654256425521652478630690816.000000
12078893852814980522426920561568382976.000000
19738849571556221721720867718902579200.000000
31633777312533558040465347411684884480.000000
49086718704666337836858643509338439680.000000
73370551119672708519374206970175160320.000000
107268180125202408948230835053149552640.000000
157217562583430267119867381335875125248.000000
234230451562038722854599023125021589504.000000
341025880610906110278580826088186839040.000000
491536451622973954622142488633726205952.000000
709691263910129539452055943135105122304.000000
989367644367812427695374861721780879360.000000
1364885549891671382498293965705655091200.000000
1853099670330790886588126107350708781056.000000
2493472729314707480295514830583965417472.000000
3439795221794025252682625317866645225472.000000
4787124829263018299990672011897920815104.000000
6545856431834311703452516188213301215232.000000
8871396053453822328822960056644738744320.000000
12055583824579244983894249669822284562432.000000
16265965163408454145611538177124795940864.000000
22103763696949269111700472247255901929472.000000
30358977702909256714405624479856709337088.000000
41549510679437997655711059837955487039488.000000
56765155665127250285214740752960824803328.000000
77138791882976030490627930623467933663232.000000
105199415323154237500436444923125708095488.000000
144748131057590897257682058052811639226368.000000
198457256654971981851458633907168453066752.000000
270167855494578525071666574643299486793728.000000
376308303640335116803948266479803942567936.000000
536001858271664088027811840233348660199424.000000
773225456019624555593527801835817218867200.000000
1161420731395793731887822944503140009902080.000000
1750046452330540270872165636238584366235648.000000
2662522947003434908030604909713363071664128.000000
4102415297634216860238076999478455983669248.000000
6395661211740600688554145341115214606630912.000000
10226704272334537525008297907903097265455104.000000
16724666946624462950431883374171390446927872.000000
28041011148594803248905653438422005881765888.000000
