1.031503
1.038069
1.044676
1.051325
1.058017
1.064751
1.071528
1.078349
1.085212
1.092120
1.099071
1.106067
1.113107
1.120192
1.127322
1.134497
1.141718
1.148985
1.156298
1.163658
1.171065
1.178519
1.186020
1.193569
1.201166
1.208812
1.216506
1.224249
1.232041
1.239883
1.247775
1.255717
1.263710
1.271753
1.279848
1.287994
1.296192
1.304442
1.312745
1.321101
1.329510
1.337972
1.346488
1.355058
1.363683
1.372363
1.381098
1.389889
1.398736
1.407639
1.416598
1.425615
1.434689
1.443821
1.453011
1.462259
1.471566
1.480933
1.490359
1.499845
1.509392
1.518999
1.528667
1.538397
1.548189
1.558043
1.567960
1.577940
1.587984
1.598092
1.608263
1.618500
1.628802
1.639169
1.649602
1.660102
1.670669
1.681302
1.692004
1.702774
1.713612
1.724519
1.735495
1.746542
1.757659
1.768846
1.780105
1.791435
1.802838
1.814313
1.825861
1.837482
1.849178
1.860948
1.872793
1.884713
1.896709
1.908782
1.920931
1.933158
1.945463
1.957846
1.970307
1.982848
1.995469
2.008170
2.020952
2.033816
2.046761
2.059788
2.072899
2.086093
2.099371
2.112734
2.126181
2.139714
2.153334
2.167039
2.180833
2.194714
2.208683
2.222741
2.236889
2.251127
2.265455
2.279875
2.294386
2.308990
2.323687
2.338477
2.353361
2.368341
2.383415
2.398586
2.413853
2.429217
2.444679
2.460239
2.475898
2.491658
2.507517
2.523477
2.539539
2.555703
2.571970
2.588341
2.604816
2.621395
2.638081
2.654872
2.671770
2.688776
2.705890
2.723113
2.740446
2.757889
2.775443
2.793108
2.810887
2.828778
2.846783
2.864903
2.883138
2.901489
2.919957
2.938543
