1.000000
0.988825
0.985328
0.994530
0.998300
1.003843
0.995160
0.987720
0.980586
0.981489
0.983439
0.994840
0.985711
0.991397
1.009281
1.014507
1.020107
1.029873
1.035136
1.039894
1.048026
1.050230
1.049100
1.042344
1.057314
1.071006
1.070646
1.055887
1.055849
1.047114
1.050935
1.056954
1.037495
1.034556
1.048802
1.064490
1.051169
1.063285
1.065093
1.063803
1.058277
1.058212
1.068483
1.066511
1.043375
1.052683
1.057409
1.047334
1.045216
1.031212
1.020751
1.034032
1.024267
1.034235
1.033924
1.036430
1.031987
1.046700
1.036905
1.036603
1.025532
1.024014
1.040432
1.041421
1.058876
1.056772
1.048663
1.042949
1.065081
1.045172
1.034664
1.053459
1.063081
1.049759
1.044337
1.044865
1.060045
1.069834
1.075083
1.077162
1.086530
1.084935
1.089207
1.090869
1.088960
1.100898
1.086727
1.098929
1.098414
1.110591
1.100278
1.095235
1.109353
1.104849
1.112160
1.093837
1.089582
1.092241
1.099757
1.074802
1.056781
1.065801
1.079339
1.095574
1.098142
1.098150
1.109408
1.116568
1.115980
1.105959
1.088777
1.095656
1.094943
1.096386
1.089453
1.085554
1.085694
1.092961
1.094763
1.096918
1.119705
1.118696
1.129603
1.142393
1.150777
1.145433
1.125469
1.143048
1.160350
1.160297
1.150288
1.157444
1.138829
1.150955
1.156336
1.150624
1.150474
1.165386
1.167610
1.163759
1.168328
1.165538
1.176464
1.158724
1.145571
1.155531
1.179321
1.194186
1.201861
1.216655
1.220942
1.210128
1.213664
1.203206
1.201207
1.209731
1.199069
1.176263
1.168161
1.176338
1.179809
1.188987
1.170238
1.165951
1.194361
1.197892
1.185862
1.195279
1.170969
1.188726
1.165218
1.154588
1.164775
1.164468
1.159957
1.147846
1.141970
1.143546
1.161504
1.156110
1.154104
1.164696
1.163322
1.169572
1.180243
1.189737
1.168932
1.178891
1.177362
1.188502
1.173008
1.180000
1.199922
1.188819
1.196391
1.205591
1.207333
1.223358
1.231093
1.225201
1.233347
1.256409
1.267900
1.275662
1.279959
1.294418
1.300329
1.311172
1.314548
1.283782
1.288919
1.280690
1.262104
1.255566
1.243565
1.260914
1.247741
1.233107
1.238180
1.227458
1.225457
1.225276
1.223582
1.215718
1.217102
1.227790
1.227742
1.229478
1.226221
1.231983
1.245899
1.232112
1.216106
1.222888
1.210774
1.204435
1.191488
1.180254
1.169717
1.189453
1.205772
1.206312
1.216442
1.211087
1.206944
1.213528
1.218213
1.224413
1.227759
1.243709
1.254616
1.247225
1.252984
1.249657
1.241388
1.254723
1.269304
1.258854
1.244917
1.232322
1.245507
1.259766
1.258507
1.277359
1.312727
1.335738
1.321022
1.328638
1.327261
1.365265
1.373238
1.350023
1.362040
1.364794
1.355273
1.327814
1.332867
1.331352
1.333502
1.336588
1.322216
1.304303
1.296111
1.287944
1.313072
1.315785
1.320347
1.327680
1.324687
1.315268
1.305453
1.299089
1.293311
1.293715
1.268130
1.278445
1.280975
1.283875
1.287892
1.270589
1.280276
1.279980
1.295307
1.305002
1.296607
1.296426
1.300032
1.300840
1.294690
1.299966
1.308949
1.306770
1.311682
1.317548
1.300955
1.296150
1.275165
1.256432
1.267935
1.279047
1.283062
1.283699
1.254891
1.249727
1.248133
1.251356
1.250141
1.260053
1.266533
1.248493
1.215719
1.208381
1.198181
1.199710
1.208995
1.205834
1.219443
1.230944
1.216266
1.229255
1.229657
1.229038
1.216170
1.218791
1.227709
1.238758
1.245062
1.239574
1.255304
1.248208
1.255797
1.248330
1.243137
1.263379
1.256847
1.254140
1.254164
1.260576
1.268783
1.259578
1.280630
1.300002
1.308747
1.297079
1.295673
1.289240
1.286767
1.281068
1.286597
1.298643
1.290392
1.287056
1.288814
1.289760
1.281134
1.293409
1.273907
1.287079
1.265986
1.247592
1.247907
1.253065
1.236004
1.236827
1.213282
1.203262
1.206433
1.218340
1.223904
1.235143
1.256391
1.247946
1.253447
1.240722
1.246210
1.236977
1.252835
1.246898
1.258954
1.244382
1.237776
1.231874
1.215793
1.202761
1.196372
1.228368
1.235869
1.240672
1.222418
1.231948
1.231823
1.245822
1.258655
1.243612
1.235907
1.230733
1.217076
1.217945
1.220558
1.215235
1.231697
1.234775
1.238735
1.238865
1.242117
1.229391
1.224804
1.231641
1.222111
1.225577
1.221987
1.234011
1.228226
1.247374
1.229334
1.223419
1.243207
1.233240
1.232853
1.228181
1.219762
1.224225
1.210908
1.220340
1.220434
1.215295
1.211442
1.221984
1.212305
1.211913
1.210452
1.202497
1.186889
1.198439
1.192255
1.183276
1.192399
1.191775
1.192490
1.179867
1.174656
1.178789
1.188097
1.185203
1.197103
1.197083
1.203657
1.215723
1.218796
1.205438
1.203068
1.193844
1.186010
1.178951
1.184538
1.162521
1.173819
1.157069
1.177246
1.183297
1.169395
1.170350
1.161971
1.171495
1.176950
1.179217
1.180862
1.165099
1.159208
1.145115
1.130837
1.149267
1.146562
1.125943
1.126269
1.130295
1.139978
1.146006
1.155464
1.147658
1.184078
1.207039
1.197174
1.208644
1.191040
1.165736
1.159282
1.146131
1.150898
1.150304
1.134997
1.136213
1.142462
1.145541
1.137202
1.142261
1.142272
1.163231
1.147003
1.144783
1.157894
1.167619
1.162553
1.155125
1.147971
1.133936
1.140132
1.132984
1.118327
1.134253
1.111039
1.092393
1.094281
1.093809
1.088993
1.089415
1.078946
1.069868
1.068345
1.081077
1.083337
1.094042
1.087911
1.094038
1.090890
1.104861
1.098524
1.124151
1.130177
1.125324
1.129803
1.135968
1.125949
1.127069
1.149369
1.151948
1.139734
1.141789
1.123167
1.118468
1.139593
1.153950
1.158969
1.141264
1.137600
1.160513
1.176703
1.201398
1.213644
1.205044
1.222866
1.243372
1.232548
1.254333
1.260369
1.267213
1.271944
1.264646
1.270258
1.272854
1.251636
1.258626
1.257471
1.253141
1.239966
1.249595
1.267216
1.250091
1.240993
1.248667
1.257056
1.248648
1.239671
1.245445
1.246543
1.248188
1.262561
1.256132
1.262821
1.254484
1.265265
1.258750
1.279789
1.295571
1.298665
1.294116
1.277296
1.268766
1.260810
1.270949
1.267525
1.245706
1.277621
1.279640
1.268415
1.289326
1.284169
1.300778
1.311893
1.332591
1.345151
1.365512
1.377376
1.399381
1.409535
1.437302
1.443447
1.449795
1.450240
1.453141
1.454251
1.464439
1.470343
1.479219
1.497237
1.473391
1.461216
1.502015
1.500699
1.522915
1.539747
1.556516
1.559226
1.580004
1.580011
1.598753
1.611901
1.612184
1.640146
1.646475
1.644352
1.639418
1.631803
1.620932
1.612003
1.635549
1.638665
1.681926
1.716358
1.716073
1.719603
1.749589
1.742173
1.724634
1.712245
1.743854
1.749215
1.746663
1.749311
1.751389
1.772112
1.775461
1.782264
1.795270
1.816005
1.781406
1.774245
1.785441
1.772757
1.756471
1.743383
1.763803
1.755635
1.738965
1.754656
1.755688
1.777402
1.801729
1.768064
1.774774
1.800505
1.799820
1.790206
1.776015
1.789042
1.813074
1.799307
1.780166
1.750815
1.774118
1.765340
1.766542
1.761755
1.757925
1.765428
1.768319
1.781279
1.791869
1.780595
1.774039
1.758537
1.769062
1.733219
1.752997
1.756106
1.734296
1.746640
1.727211
1.707227
1.693731
1.672224
1.653940
1.655657
1.668798
1.684521
1.689824
1.689172
1.694630
1.710539
1.702171
1.707882
1.685611
1.712474
1.688984
1.709661
1.712318
1.711518
1.722325
1.719853
1.720687
1.703565
1.692926
1.703911
1.709783
1.712331
1.713803
1.723939
1.745690
1.758159
1.761679
1.742286
1.760795
1.761848
1.772147
1.750859
1.703302
1.663841
1.681165
1.677183
1.684438
1.675986
1.661725
1.660473
1.649240
1.649618
1.662092
1.645064
1.634401
1.656330
1.653992
1.635640
1.624946
1.620864
1.619164
1.645887
1.654434
1.648971
1.633685
1.654544
1.671294
1.674224
1.661861
1.666324
1.653075
1.642434
1.641506
1.639956
1.627219
1.650005
1.680696
1.699359
1.692910
1.698464
1.691191
1.672730
1.679344
1.677166
1.667442
1.681045
1.651949
1.656998
1.656136
1.654654
1.648770
1.655776
1.678246
1.679554
1.673050
1.674834
1.686405
1.662763
1.637006
1.631278
1.640664
1.623298
1.596101
1.607001
1.615648
1.611884
1.632727
1.641380
1.637346
1.642405
1.634062
1.630161
1.635968
1.624285
1.620772
1.595840
1.586072
1.602219
1.598690
1.605028
1.622730
1.589771
1.570037
1.566131
1.568403
1.558926
1.570401
1.614155
1.622053
1.583971
1.592116
1.584279
1.574463
1.586772
1.606037
1.580924
1.578717
1.578088
1.610299
1.646938
1.644425
1.644947
1.660361
1.618360
1.648064
1.654654
1.617510
1.602438
1.594133
1.595541
1.588932
1.589064
1.548506
1.546614
1.535041
1.522349
1.523411
1.527194
1.532289
1.540278
1.525120
1.532697
1.527782
1.516270
1.512584
1.513336
1.531063
1.518246
1.511378
1.505595
1.474362
1.479681
1.473364
1.476016
1.489873
1.517540
1.524961
1.514170
1.500485
1.501193
1.493572
1.500179
1.499536
1.495498
1.494880
1.502030
1.508848
1.497498
1.493335
1.495120
1.494846
1.489234
1.488350
1.477144
1.488004
1.484469
1.466812
1.465010
1.449524
1.439062
1.467145
1.479327
1.469156
1.446928
1.422280
1.420175
1.430048
1.450650
1.416682
1.404956
1.431704
1.452366
1.451312
1.456303
1.425090
1.420950
1.440594
1.429826
1.448620
1.436892
1.467451
1.464709
1.456660
1.447246
1.477266
1.484911
1.494156
1.503569
1.505936
1.502614
1.497876
1.489883
1.485232
1.508597
1.495281
1.505362
1.517861
1.497951
1.501156
1.501367
1.511147
1.486242
1.473049
1.488788
1.482824
1.504166
1.486324
1.499295
1.481488
1.484306
1.513600
1.517308
1.533594
1.519793
1.555538
1.547143
1.528305
1.520851
1.515223
1.509542
1.509325
1.504901
1.501677
1.515945
1.507603
1.492827
1.499924
1.500647
1.509641
1.494741
1.471331
1.463235
1.473607
1.489186
1.470985
1.455854
1.474716
1.469695
1.482449
1.482200
1.475164
1.473357
1.457819
1.444024
1.447222
1.448142
1.451231
1.438633
1.439416
1.433369
1.430432
1.399474
1.395979
1.428825
1.434095
1.465370
1.464558
1.454340
1.448724
1.487732
1.469262
1.441240
1.428027
1.416133
1.434116
1.441900
1.459966
1.466009
1.473763
1.490870
1.486406
1.484395
1.496877
1.510812
1.507257
1.502663
1.498352
1.512869
1.510385
1.511303
1.501302
1.488356
1.485352
1.465270
1.478581
1.479356
1.494476
1.487225
1.482931
1.489769
1.460527
1.459498
1.470522
1.484349
1.452207
1.440665
1.411082
1.402619
1.366257
1.356469
1.352420
1.367519
1.371370
1.374337
1.373454
1.358140
1.350607
1.361528
1.359637
1.367518
1.352606
1.335415
1.337022
1.332296
1.335562
1.339730
1.354139
1.371501
1.353328
1.337839
1.346915
1.351170
1.355364
1.364691
1.365000
1.357003
1.349948
1.336719
1.320380
1.320301
1.332194
1.327410
1.317541
1.294877
1.317326
1.339111
1.350777
1.340493
1.352709
1.354422
1.382521
1.395259
1.385587
1.363096
1.378354
1.362112
1.347057
1.359604
1.360603
1.353816
1.350765
1.350100
1.352488
1.355465
1.340581
1.357683
1.353576
1.331242
1.340098
1.351144
1.347690
1.340293
1.335470
1.361117
1.360734
1.362419
1.384268
1.400526
1.409669
1.396077
1.404884
1.396431
1.397877
1.400390
1.390387
1.374876
1.365275
1.365880
1.379832
1.373147
1.379727
1.375602
1.359070
1.356288
1.373918
1.367819
1.363950
1.356388
1.352218
1.329661
1.320267
1.309154
1.302201
1.302477
1.315507
1.297023
1.311529
1.296937
1.301876
1.291198
1.298734
1.291781
1.288625
1.294805
1.298740
1.306108
1.292852
1.280816
1.296502
1.296894
1.295826
1.306880
1.336199
1.350327
1.345598
1.350152
1.354121
1.354778
1.329187
1.317080
1.336989
1.324757
1.331979
1.351448
1.352744
1.350131
1.334586
1.331941
1.340312
1.347413
1.326923
1.334908
1.336896
1.335718
1.335172
1.339016
1.363940
1.364989
1.385123
1.407500
1.390453
1.401592
1.408522
1.411367
1.424367
1.435803
1.419610
1.424177
1.415722
1.429459
1.397299
1.435677
1.465458
1.462432
1.496206
1.491298
1.499145
1.504532
1.464522
1.467480
1.465594
1.476110
1.456044
1.439074
1.438921
1.447753
1.442517
1.437256
1.437493
1.429562
1.427042
1.445762
1.451820
1.454617
1.454354
1.469478
1.466762
1.473589
1.492551
1.490809
1.513733
1.497000
1.522204
1.515494
1.523873
1.507007
1.521908
1.519991
1.511795
1.520051
1.540050
1.526186
1.523438
1.543826
1.544931
1.562163
1.563390
1.554754
1.575657
1.564265
1.553007
1.531155
1.520357
1.495744
1.481693
1.479684
1.506370
1.527572
1.521569
1.529802
1.518986
1.500869
1.513895
1.489464
1.480654
1.446586
1.455675
1.457613
1.450301
1.438514
1.448115
1.461408
1.459718
1.501138
1.489224
1.521351
1.508666
1.495951
1.496407
1.511017
1.482614
1.488306
1.480873
1.482049
1.485498
1.481457
1.504931
1.500252
1.491503
1.483738
1.477273
1.481344
1.498999
1.479398
1.469544
1.478054
1.496072
1.519356
1.484554
1.478752
1.495357
1.471019
1.478102
1.483404
1.476985
1.472120
1.454918
1.486681
1.475486
1.485051
1.461288
1.468280
1.439518
1.431235
1.421029
1.416045
1.388006
1.389765
1.384941
1.363759
1.364376
1.360097
1.362778
1.356727
1.352019
1.349396
1.370790
1.364701
1.387031
1.379540
1.396819
1.404761
1.384074
1.380346
1.375809
1.370724
1.358213
1.357201
1.350585
1.352104
1.354468
1.373112
1.356529
1.371137
1.352787
1.361181
1.356948
1.355293
1.353562
1.339293
1.346582
1.324590
1.330304
1.345896
1.336595
1.351931
1.360523
1.357633
1.350927
1.372793
1.353767
1.363245
1.343061
1.344820
1.369535
1.355700
1.353549
1.349978
1.337712
1.343693
1.338701
1.355380
1.353820
1.363159
1.362500
1.358024
1.369616
1.356682
1.381272
1.377338
1.376524
1.375593
1.364657
1.383090
1.390986
1.390105
1.367127
1.362650
1.380217
1.382345
1.383392
1.385213
1.386140
1.413586
1.416635
1.381158
1.385848
1.398870
1.392506
1.421710
1.425050
1.413260
1.383864
1.389209
1.372390
1.396861
1.395372
1.398760
1.377332
1.369304
1.367618
1.358038
1.366489
1.353386
1.341435
1.358115
1.366936
1.381431
1.377162
1.377289
1.375429
1.380983
1.385303
1.373931
1.390471
1.389789
1.408233
1.401088
1.405856
1.406861
1.385153
1.406062
1.404955
1.387864
1.384058
1.382648
1.388800
1.384593
1.381885
1.368675
1.365106
1.364614
1.380111
1.350146
1.345815
1.337032
1.336803
1.319044
1.319195
1.323265
1.347796
1.349401
1.333145
1.326838
1.322053
1.323140
1.328922
1.331277
1.327547
1.340049
1.349489
1.333694
1.329192
1.343518
1.347984
1.335034
1.348201
1.356681
1.338503
1.334837
1.342886
1.350767
1.349326
1.346540
1.348270
1.339646
1.340576
1.333637
1.329518
1.342810
1.343682
1.326792
1.303567
1.319583
1.341529
1.351140
1.374348
1.390814
1.400186
1.397923
1.393785
1.377351
1.358396
1.380301
1.394024
1.401364
1.405560
1.404441
1.403045
1.388805
1.387107
1.382571
1.367302
1.373853
1.377155
1.368664
1.379987
1.375422
1.405499
1.394208
1.401985
1.402967
1.380904
1.366827
1.370279
1.373754
1.368842
1.358976
1.375906
1.378179
1.395613
1.391467
1.399458
1.403932
1.420095
1.422393
1.418491
1.412578
1.419471
1.429933
1.440600
1.460510
1.449887
1.446481
1.449361
1.436170
1.451764
1.473114
1.456799
1.461889
1.461819
1.460683
1.448700
1.448587
1.432525
1.433249
1.429450
1.432206
1.436392
1.436692
1.445685
1.436521
1.408304
1.413693
1.430810
1.443528
1.443977
1.443635
1.434895
1.439710
1.436493
1.397867
1.405400
1.432592
1.438346
1.437396
1.437413
1.426085
1.436310
1.426530
1.406166
1.419287
1.439134
1.453009
1.476357
1.474700
1.494589
1.528236
1.516082
1.511740
1.494534
1.468025
1.453677
1.469142
1.460320
1.469200
1.471742
1.468367
1.471417
1.478221
1.495070
1.509025
1.526926
1.557066
1.583871
1.606437
1.604509
1.606096
1.599707
1.603426
1.608371
1.609650
1.596388
1.598564
1.616568
1.613228
1.623679
1.616509
1.627777
1.591489
1.581474
1.576070
1.608714
1.610607
1.608175
1.603756
1.612679
1.603785
1.630928
1.645345
1.648690
1.630525
1.623582
1.609428
1.624534
1.646204
1.655521
1.658734
1.671968
1.639598
1.648726
1.667700
1.642998
1.640477
1.645870
1.627151
1.637663
1.619342
1.597594
1.578356
1.547479
1.549695
1.553274
1.569772
1.553996
1.565133
1.536022
1.532547
1.545359
1.531964
1.529478
1.549491
1.559812
1.562150
1.554649
1.594216
1.597712
1.609845
1.608770
1.593258
1.587943
1.595567
1.603983
1.596493
1.599900
1.621916
1.611106
1.645173
1.642150
1.640323
1.602034
1.589037
1.596780
1.602070
1.616942
1.623404
1.641704
1.649644
1.634934
1.635186
1.634224
1.637089
1.650583
1.665340
1.673425
1.674007
1.673944
1.655763
1.658298
1.632888
1.637788
1.626864
1.621575
1.603417
1.594213
1.589167
1.632329
1.630271
1.649234
1.647001
1.630885
1.598873
1.586483
1.585663
1.585885
1.572876
1.554945
1.569225
1.586256
1.596640
1.622759
1.629241
1.614180
1.599953
1.580083
1.548407
1.550873
1.542627
1.547928
1.559835
1.578322
1.566404
1.560007
1.540945
1.522281
1.522853
1.498978
1.500631
1.478226
1.496830
1.513752
1.508533
1.503126
1.548109
1.568228
1.586148
1.570896
1.579897
1.595325
1.600749
1.577783
1.578362
1.589019
1.584790
1.573738
1.575811
1.559771
1.553826
1.543116
1.552950
1.555290
1.556014
1.586510
1.574643
1.592068
1.596048
1.565231
1.576589
1.587237
1.620258
1.615763
1.632457
1.664019
1.690659
1.664102
1.655102
1.660675
1.672516
1.676135
1.730655
1.737304
1.746077
1.772785
1.745750
1.755439
1.768187
1.757368
1.752791
1.748522
1.763461
1.754836
1.756382
1.782866
1.790524
1.769847
1.768964
1.765811
1.752395
1.754401
1.745891
1.756769
1.762062
1.767148
1.753747
1.734328
1.712174
1.715581
1.707413
1.722532
1.735150
1.716117
1.713258
1.718268
1.704398
1.731603
1.735325
1.757242
1.761301
1.757415
1.751509
1.769772
1.763878
1.745164
1.749453
1.756836
1.785144
1.846931
1.843836
1.845003
1.832994
1.850941
1.883336
1.867297
1.842972
1.875480
1.892135
1.903088
1.924549
1.916560
1.878237
1.874103
1.868434
1.847068
1.812716
1.842478
1.850927
1.847459
1.854811
1.836558
1.829877
1.785083
1.780369
1.784309
1.761521
1.767229
1.768238
1.771470
1.781555
1.792305
1.799227
1.797129
1.806488
1.784157
1.763589
1.758739
1.795032
1.805840
1.784925
1.781857
1.749785
1.750998
1.754848
1.766188
1.718081
1.701291
1.662204
1.669874
1.676673
1.679373
1.691876
1.671751
1.689244
1.656530
1.650983
1.669815
1.653454
1.674911
1.664549
1.665844
1.650355
1.648411
1.611639
1.611565
1.616985
1.623367
1.618114
1.627074
1.623723
1.616777
1.630329
1.624597
1.626060
1.633662
1.627191
1.628861
1.596231
1.606599
1.587900
1.593095
1.599525
1.591473
1.592183
1.585959
1.600823
1.578243
1.582579
1.601677
1.615894
1.605633
1.612021
1.604995
1.604122
1.598542
1.591226
1.604186
1.617176
1.642326
1.621741
1.646781
1.654466
1.623069
1.613209
1.616089
1.604228
1.612294
1.611580
1.584282
1.597455
1.580381
1.564479
1.550618
1.538309
1.517799
1.519209
1.537867
1.550485
1.533547
1.527208
1.536504
1.540377
1.544025
1.562145
1.583294
1.577239
1.584275
1.552485
1.558736
1.540796
1.567492
1.578991
1.594124
1.610599
1.610308
1.596644
1.603227
1.599626
1.589514
1.577246
1.586214
1.565998
1.590834
1.574490
1.567681
1.591677
1.614378
1.619784
1.636416
1.650456
1.634985
1.633469
1.619644
1.629056
1.629556
1.644901
1.610917
1.611517
1.626008
1.601661
1.624110
1.598266
1.611231
1.604651
1.602523
1.612051
1.628691
1.608689
1.622500
1.640190
1.626967
1.633382
1.644610
1.642427
1.641276
1.638986
1.640745
1.663077
1.614938
1.600796
1.608196
1.603770
1.617025
1.609780
1.617074
1.619858
1.630303
1.624608
1.626610
1.630032
1.625846
1.592198
1.612314
1.623018
1.631446
1.647066
1.651219
1.638213
1.679432
1.681503
1.686534
1.679000
1.690301
1.712508
1.693070
1.676701
1.637396
1.646893
1.660811
1.648717
1.653470
1.646100
1.644706
1.629527
1.621800
1.644072
1.646543
1.629100
1.639655
1.658232
1.657729
1.640000
1.634165
1.625672
1.616876
1.602460
1.597756
1.607003
1.613607
1.592603
1.622941
1.610721
1.625825
1.632631
1.650956
1.652732
1.665503
1.641628
1.630309
1.656390
1.673814
1.656045
1.639940
1.637103
1.635827
1.620789
1.635499
1.637279
1.649955
1.651374
1.657132
1.669234
1.656032
1.625337
1.627829
1.658007
1.673800
1.673380
1.715805
1.709772
1.705101
1.694719
1.737424
1.743307
1.744993
1.741333
1.757594
1.759455
1.749769
1.750966
1.768817
1.728014
1.736547
1.744792
1.736417
1.735641
1.727454
1.750633
1.724489
1.703233
1.706311
1.675389
1.660257
1.683338
1.686595
1.700135
1.700541
1.714346
1.708521
1.695842
1.718517
1.718337
1.721866
1.730267
1.741433
1.751519
1.755413
1.770737
1.784632
1.774687
1.766481
1.776753
1.783108
1.781104
1.784454
1.759133
1.756272
1.759797
1.724443
1.693353
1.653356
1.648910
1.675359
1.650949
1.630005
1.671091
1.677690
1.668795
1.658034
1.655141
1.654123
1.629296
1.615359
1.614879
1.624964
1.642919
1.641036
1.631308
1.625561
1.627440
1.618173
1.643857
1.644917
1.635261
1.616953
1.650143
1.646560
1.630396
1.624233
1.658389
1.660976
1.636342
1.656970
1.646004
1.648101
1.635498
1.614349
1.635543
1.616350
1.591214
1.593892
1.582538
1.587978
1.610613
1.626638
1.614243
1.595951
1.588593
1.595412
1.615190
1.634864
1.637987
1.657617
1.661739
1.667457
1.645967
1.661196
1.674332
1.709758
1.724850
1.744427
1.712629
1.705397
1.707895
1.718117
1.702508
1.738591
1.737327
1.751038
1.733202
1.734192
1.765261
1.764732
1.748809
1.751316
1.783998
1.800355
1.800418
1.778846
1.801809
1.767439
1.764099
1.764857
1.748695
1.743174
1.734399
1.713382
1.710092
1.717955
1.731034
1.770958
1.785694
1.763043
1.762334
1.721894
1.733417
1.708267
1.723012
1.705117
1.723512
1.714007
1.734361
1.755905
1.769562
1.773668
1.794038
1.807881
1.820137
1.848241
1.842697
1.850777
1.871672
1.877675
1.908696
1.930747
1.934288
1.977208
1.962078
1.912993
1.951174
1.959519
1.958636
1.944367
1.947801
1.962779
1.968676
1.936848
1.923679
1.940585
1.969837
1.971594
1.977310
1.987228
1.974422
1.994709
1.975728
1.967260
1.964169
1.944170
1.937626
1.941881
1.940728
1.905470
1.864101
1.840205
1.822246
1.798085
1.779437
1.800927
1.812037
1.785737
1.776612
1.774955
1.779296
1.740004
1.733667
1.715583
1.729956
1.739983
1.728664
1.753500
1.765508
1.793267
1.821899
1.810300
1.807570
1.778174
1.809870
1.785020
1.815710
1.799703
1.803108
1.816552
1.791000
1.810728
1.814127
1.822670
1.824343
1.830792
1.825223
1.821286
1.809433
1.815673
1.827595
1.821041
1.821429
1.802042
1.805441
1.811845
1.840919
1.836332
1.872180
1.885647
1.869947
1.856407
1.865533
1.857933
1.841501
1.814564
1.808407
1.826292
1.839573
1.832548
1.824847
1.816986
1.823222
1.842863
1.845856
1.826199
1.835860
1.849126
1.822743
1.843529
1.856648
1.885437
1.852760
1.833266
1.857478
1.832502
1.828434
1.815492
1.824751
1.835324
1.856311
1.861822
1.865868
1.883901
1.873595
1.858016
1.889541
1.904523
1.902211
1.936764
1.939381
1.941466
1.930242
1.935753
1.938786
1.920193
1.959481
1.986739
1.995479
2.018947
2.013187
2.012795
1.998055
1.976902
2.001488
2.038114
2.032138
2.059700
2.076871
2.086969
2.052348
2.088100
2.090324
2.082699
2.114497
2.103062
2.117195
2.101583
2.086016
2.129927
2.119313
2.153176
2.162148
2.157013
2.157628
2.192154
2.193818
2.185946
2.184259
2.183066
2.198332
2.193789
2.202842
2.208089
2.173489
2.230851
2.232674
2.283588
2.291211
2.289116
2.258316
2.243434
2.245467
2.232358
2.231018
2.208222
2.184079
2.178813
2.187511
2.160928
2.170268
2.163182
2.182642
2.180379
2.177769
2.163197
2.135595
2.128434
2.106007
2.116613
2.108616
2.117458
2.101130
2.118586
2.121169
2.123623
2.135118
2.174776
2.148783
2.162872
2.191334
2.210499
2.165290
2.171846
2.149841
2.167079
2.169044
2.158294
2.149892
2.190871
2.180399
2.176960
2.195706
2.183663
2.162368
2.183483
2.186916
2.166969
2.129877
2.147770
2.137695
2.144304
2.173587
2.172759
2.156752
2.158780
2.129515
2.140484
2.144648
2.158176
2.112090
2.101129
2.116713
2.096739
2.078655
2.049051
2.057784
2.062928
2.072560
2.086873
2.066868
2.089377
2.098340
2.112789
2.102625
2.100112
2.072332
2.127974
2.139971
2.119517
2.099159
2.094907
2.117965
2.085198
2.094256
2.099174
2.103580
2.100006
2.131699
2.140688
2.167916
2.175525
2.169928
2.147966
2.114395
2.118698
2.112090
2.116538
2.120392
2.104523
2.114688
2.139394
2.144132
2.130813
2.098239
2.091087
2.100885
2.117608
2.092426
2.050803
2.040691
2.032232
2.031362
1.998093
2.013854
2.013243
1.984812
1.981416
1.966982
1.968567
1.944058
1.954226
1.978193
1.934522
1.982796
1.986538
1.989392
1.987874
1.950578
1.914699
1.939942
1.951301
1.965409
1.959762
1.955854
1.946853
1.975571
1.990436
2.016168
2.034549
2.033060
1.987190
2.013803
2.052780
2.043559
2.021539
2.030353
2.061450
2.057490
2.090142
2.089285
2.097895
2.102475
2.079520
2.091615
2.117304
2.136370
2.150284
2.164689
2.182018
2.201095
2.182181
2.166591
2.175617
2.190048
2.210578
2.210308
2.229131
2.224439
2.210349
2.149728
2.149507
2.140322
2.163210
2.136285
2.127672
2.108901
2.112537
2.111487
2.129825
2.158344
2.184889
2.221527
2.219135
2.242474
2.259357
2.294224
2.300540
2.295428
2.321366
2.317933
2.319778
2.288960
2.282441
2.263967
2.281947
2.255390
2.236086
2.262733
2.263068
2.276264
2.278736
2.277966
2.286007
2.260114
2.248255
2.247238
2.256825
2.279757
2.268000
2.252909
2.244868
2.237660
2.238349
2.201875
2.224812
2.234762
2.243772
2.215269
2.181715
2.222875
2.200155
2.188912
2.175998
2.170438
2.177286
2.156998
2.149578
2.173537
2.159678
2.186013
2.155827
2.153660
2.152390
2.165431
2.169151
2.169511
2.205727
2.208182
2.255998
2.242279
2.233296
2.252963
2.291398
2.298591
2.257699
2.276359
2.242733
2.261809
2.288938
2.314835
2.332555
2.340026
2.348543
2.359436
2.378760
2.392093
2.349073
2.330976
2.363314
2.358937
2.362235
2.374724
2.353897
2.389957
2.407604
2.398747
2.365985
2.375567
2.366340
2.401906
2.370098
2.363661
2.361519
2.405415
2.368437
2.377254
2.358664
2.377524
2.374533
2.394550
2.404380
2.371255
2.374250
2.377244
2.373908
2.324605
2.322924
2.283216
2.286792
2.260507
2.231433
2.221895
2.252526
2.253427
2.246219
2.215533
2.217702
2.214928
2.203076
2.193127
2.182994
2.135709
2.133673
2.138427
2.140942
2.148919
2.124045
2.136112
2.109660
2.114057
2.096969
2.107951
2.127030
2.125937
2.159288
2.146171
2.123451
2.123880
2.140920
2.126246
2.137479
2.166882
2.189245
2.239203
2.249244
2.260058
2.282577
2.281991
2.259248
2.266943
2.239597
2.197999
2.196515
2.221690
2.247290
2.238856
2.241216
2.197539
2.203409
2.203618
2.238746
2.242352
2.264980
2.302112
2.319132
2.285592
2.276740
2.289834
2.260414
2.263567
2.246534
2.283258
2.251710
2.249098
2.227950
2.221558
2.243189
2.237025
2.273840
2.297306
2.304450
2.286128
2.316860
2.331144
2.353721
2.349305
2.357474
2.370480
2.347854
2.360661
2.363950
2.345175
2.349978
2.372643
2.345040
2.348091
2.357613
2.314308
2.322461
2.306694
2.347068
2.338048
2.367019
2.310301
2.330680
2.313659
2.290645
2.332490
2.341711
2.313769
2.303045
2.278557
2.275522
2.241541
2.226111
2.258463
2.271672
2.245453
2.260477
2.254611
2.286654
2.256186
2.249375
2.226265
2.247877
2.237360
2.244369
2.250234
2.225567
2.230828
2.197859
2.197419
2.185883
2.181262
2.178430
2.152322
2.123920
2.093263
2.103503
2.122757
2.150958
2.175330
2.210720
2.270255
2.255755
2.263337
2.238551
2.258765
2.257014
2.214653
2.222025
2.257300
2.288455
2.329869
2.336008
2.329834
2.352550
2.381877
2.367905
2.345592
2.383828
2.398622
2.376854
2.385428
2.381616
2.340854
2.318899
2.323454
2.348554
2.370720
2.361123
2.384274
2.384064
2.335815
2.362911
2.353412
2.356182
2.367586
2.395935
2.437342
2.442889
2.437859
2.411496
2.411836
2.391627
2.396396
2.421623
2.431479
2.407203
2.415973
2.446805
2.475670
2.430296
2.465504
2.465280
2.504386
2.511091
2.508966
2.501575
2.495474
2.420956
2.432398
2.425971
2.466298
2.502743
2.467692
2.436838
2.438325
2.443984
2.492233
2.464821
2.464136
2.479596
2.497992
2.461082
2.468366
2.461430
2.458442
2.450978
2.450130
2.477371
2.518537
2.528093
2.530062
2.475362
2.519156
2.536951
2.548520
2.578962
2.536778
2.496489
2.448426
2.454959
2.437966
2.400306
2.417077
2.430366
2.439495
2.450141
2.478134
2.533175
2.521642
2.551760
2.548132
2.531921
2.478203
2.512618
2.496718
2.497725
2.506059
2.552224
2.563081
2.559144
2.534607
2.532860
2.505787
2.513722
2.517558
2.505587
2.508203
2.536727
2.563426
2.570808
2.577724
2.584431
2.612733
2.639754
2.617123
2.649730
2.633614
2.582235
2.569270
2.564360
2.585175
2.564556
2.567436
2.551235
2.543023
2.555756
2.547771
2.577672
2.623387
2.680679
2.695994
2.638224
2.639089
2.648152
2.639093
2.620236
2.608605
2.580964
2.565824
2.566723
2.536990
2.467834
2.451016
2.438579
2.461519
2.487027
2.440334
2.464085
2.470349
2.516935
2.473186
2.492046
2.536317
2.544071
2.523822
2.531407
2.549493
2.583827
2.570789
2.571170
2.594812
2.619751
2.639160
2.668537
2.686565
2.693067
2.710138
2.708520
2.759034
2.751761
2.711121
2.710779
2.770449
2.749468
2.692224
2.690272
2.712631
2.722307
2.744350
2.785718
2.733516
2.734971
2.734919
2.709889
2.757594
2.786700
2.773541
2.812762
2.741231
2.744643
2.760592
2.755091
2.736441
2.714908
2.693300
2.704020
2.763811
2.794097
2.741219
2.721424
2.701988
2.741518
2.747119
2.761110
2.721905
2.739053
2.706198
2.671012
2.687046
2.715448
2.698428
2.638801
2.644529
2.636659
2.622361
2.605386
2.630677
2.639021
2.697402
2.613170
2.614236
2.638067
2.653991
2.683081
2.712225
2.738767
2.756366
2.777499
2.776816
2.739823
2.720989
2.708378
2.728506
2.740255
2.774898
2.758082
2.754940
2.777960
2.801704
2.802415
2.813174
2.785096
2.765383
2.753154
2.689790
2.676392
2.651593
2.653940
2.659895
2.695828
2.669287
2.647089
2.658924
2.640567
2.652574
2.609623
2.567079
2.538851
2.533751
2.572210
2.539610
2.527288
2.555326
2.560889
2.547301
2.521542
2.510919
2.512667
2.561427
2.570518
2.584386
2.576025
2.612927
2.610824
2.614155
2.588027
2.543694
2.529060
2.571348
2.567558
2.571956
2.581673
2.557545
2.524829
2.552026
2.529918
2.551012
2.542296
2.546897
2.540308
2.553216
2.568486
2.590000
2.551891
2.547331
2.585456
2.588505
2.603888
2.624261
2.647467
2.647343
2.634074
2.594334
2.619743
2.614726
2.584542
2.593479
2.571531
2.523520
2.496059
2.518361
2.532270
2.562526
2.579277
2.581286
2.626598
2.631442
2.633797
2.699292
2.713231
2.690640
2.699571
2.730729
2.716128
2.703623
2.708192
2.635052
2.618530
2.644330
2.645013
2.718729
2.737208
2.739907
2.742562
2.766280
2.749555
2.735785
2.752646
2.758963
2.751075
2.769340
2.777180
2.823456
2.840614
2.875372
2.876769
2.850239
2.807637
2.832793
2.818952
2.836001
2.887211
2.889714
2.931225
2.898079
2.910427
2.862842
2.843194
2.817543
2.807391
2.825238
2.847874
2.846880
2.845775
2.851649
2.909329
2.917493
2.917303
2.870049
2.871664
2.850790
2.827226
2.797427
2.752674
2.740317
2.725848
2.767262
2.786212
2.838420
2.818909
2.819236
2.828838
2.809896
2.797645
2.773325
2.799045
2.799283
2.760955
2.729974
2.714932
2.750058
2.737991
2.765100
2.758026
2.764011
2.786488
2.823666
2.818332
2.763602
2.745556
2.720893
2.682966
2.695359
2.646627
2.712274
2.687104
2.703159
2.716164
2.678697
2.698102
2.739102
2.715760
2.678570
2.709114
2.685680
2.693055
2.698401
2.719564
2.694283
2.663646
2.706512
2.736409
2.717943
2.722297
2.707798
2.735778
2.672379
2.696353
2.685619
2.697369
2.726147
2.714773
2.734735
2.734188
2.754716
2.738425
2.727236
2.750674
2.719552
2.712979
2.724059
2.729935
2.740224
2.768352
2.738172
2.742016
2.740908
2.744809
2.758977
2.742093
2.735388
2.712961
2.714960
2.662871
2.669496
2.683922
2.728762
2.731606
2.715175
2.744733
2.730018
2.740610
2.770733
2.807259
2.814783
2.814369
2.806424
2.836399
2.839023
2.805068
2.817699
2.818674
2.814593
2.813689
2.840622
2.829115
2.823737
2.848978
2.905710
2.854958
2.813422
2.794434
2.771718
2.789837
2.820321
2.829668
2.814877
2.857207
2.830412
2.788103
2.759673
2.774531
2.756813
2.773682
2.783318
2.744680
2.718032
2.749004
2.713563
2.715889
2.698648
2.701250
2.735024
2.708784
2.690624
2.677720
2.677340
2.653147
2.619359
2.660737
2.667011
2.633564
2.619032
2.625656
2.619528
2.602040
2.604415
2.568349
2.575097
2.553226
2.521142
2.480885
2.468140
2.480205
2.449862
2.431451
2.404168
2.417436
2.400676
2.422628
2.424697
2.405443
2.413292
2.402456
2.387522
2.373901
2.375618
2.376768
2.409874
2.440787
2.406729
2.386592
2.372048
2.411770
2.396130
2.355048
2.346393
2.361821
2.387763
2.407202
2.375583
2.384969
2.373838
2.409795
2.376482
2.409135
2.392420
2.444254
2.444394
2.472375
2.462406
2.523841
2.491301
2.486022
2.467759
2.497965
2.489956
2.500402
2.482816
2.488465
2.470665
2.427292
2.425314
2.412622
2.402410
2.363044
2.326308
2.311769
2.307272
2.262137
2.235234
2.200272
2.216453
2.235730
2.195757
2.207906
2.213642
2.219396
2.247553
2.261753
2.248280
2.225087
2.244609
2.272685
2.224606
2.227770
2.221487
2.242760
2.228144
2.212547
2.230476
2.231018
2.207331
2.236658
2.233524
2.235172
2.241847
2.240376
2.265775
2.260808
2.245887
2.257858
2.274062
2.323694
2.325220
2.307746
2.323665
2.369572
2.371730
2.397717
2.397561
2.405435
2.415853
2.406847
2.423890
2.428502
2.433031
2.416759
2.413540
2.387163
2.398069
2.387882
2.388116
2.393251
2.362218
2.372085
2.425224
2.455840
2.457152
2.483192
2.468062
2.482217
2.471732
2.452240
2.504379
2.523247
2.542616
2.538034
2.573351
2.601197
2.555585
2.552953
2.525376
2.492523
2.499839
2.542121
2.535987
2.526292
2.521019
2.550167
2.555311
2.527622
2.540950
2.496483
2.501014
2.488999
2.520620
2.498915
2.512339
2.511294
2.506464
2.494283
2.451277
2.464214
2.470126
2.483423
2.446494
2.420349
2.452179
2.489182
2.459566
2.451014
2.440732
2.474724
2.461598
2.475028
2.465094
2.465163
2.448525
2.452793
2.446119
2.441058
2.464038
2.491928
2.493142
2.481200
2.494856
2.487936
2.467888
2.441731
2.470367
2.504594
2.486020
2.497523
2.514786
2.533765
2.550587
2.514914
2.529594
2.512554
2.556883
2.531271
2.571620
2.565350
2.576897
2.590974
2.596387
2.624770
2.621151
2.611041
2.594406
2.566446
2.579240
2.608587
2.628297
2.630037
2.656848
2.696939
2.681974
2.697996
2.722710
2.728182
2.734114
2.742442
2.772274
2.768382
2.743679
2.760051
2.748577
2.756955
2.733405
2.754485
2.702745
2.693669
2.695972
2.645700
2.665376
2.671432
2.686146
2.675493
2.658747
2.657859
2.654388
2.670243
2.652972
2.655221
2.614687
2.587463
2.571087
2.541018
2.532180
2.492668
2.485556
2.482775
2.473477
2.451275
2.426191
2.428302
2.442583
2.448875
2.454008
2.439878
2.429396
2.434607
2.439240
2.458676
2.480098
2.471775
2.494387
2.498505
2.499619
2.488344
2.495590
2.459406
2.458518
2.474253
2.495588
2.494732
2.502042
2.470191
2.501498
2.517072
2.487162
2.489577
2.479474
2.468798
2.463416
2.468522
2.470934
2.473462
2.449553
2.446756
2.440820
2.410786
2.436369
2.423072
2.397639
2.437540
2.420778
2.396073
2.450052
2.428646
2.429958
2.429141
2.426340
2.428740
2.399627
2.409923
2.424908
2.446485
2.421264
2.430945
2.468286
2.450611
2.456424
2.506432
2.532932
2.519710
2.517503
2.503259
2.536367
2.518640
2.565391
2.523452
2.553567
2.502082
2.525284
2.532117
2.495495
2.492968
2.474328
2.452989
2.494167
2.456737
2.478074
2.483199
2.491043
2.469603
2.479165
2.481483
2.477133
2.494126
2.471487
2.457968
2.461259
2.450499
2.409012
2.386015
2.390689
2.378679
2.365608
2.376059
2.363038
2.345256
2.365477
2.363923
2.342721
2.357258
2.329793
2.286902
2.313112
2.309411
2.296330
2.312908
2.324049
2.345186
2.322525
2.299439
2.328522
2.289054
2.303788
2.301738
2.342607
2.355506
2.302111
2.265968
2.239191
2.262774
2.262663
2.284414
2.299773
2.291760
2.300987
2.325264
2.368212
2.382935
2.387332
2.385892
2.362009
2.361466
2.375708
2.377431
2.360513
2.411051
2.390442
2.418981
2.453111
2.432684
2.443930
2.470811
2.448324
2.454217
2.417215
2.437848
2.440376
2.435259
2.479821
2.470433
2.493687
2.501203
2.524532
2.527760
2.561375
2.546496
2.563682
2.597358
2.575377
2.530032
2.508709
2.506692
2.511004
2.515817
2.525881
2.536217
2.536181
2.550125
2.499666
2.502885
2.503346
2.534345
2.511898
2.527695
2.594967
2.618906
2.654905
2.632519
2.567483
2.539009
2.511867
2.492476
2.455522
2.428718
2.396069
2.377880
2.404562
2.369362
2.341820
2.356618
2.350399
2.342493
2.325856
2.350801
2.336917
2.308718
2.283012
2.281830
2.294063
2.274751
2.239306
2.232640
2.228569
2.219281
2.236946
2.254216
2.245769
2.245825
2.233240
2.219197
2.235785
2.224372
2.204966
2.187505
2.175925
2.203189
2.207357
2.215703
2.259951
2.299215
2.285402
2.293318
2.278719
2.283094
2.277183
2.292415
2.281056
2.266047
2.229027
2.241233
2.273690
2.286293
2.273005
2.272821
2.296456
2.313652
2.296110
2.268086
2.288358
2.256598
2.253443
2.233113
2.266013
2.270890
2.252025
2.236667
2.256468
2.294857
2.266447
2.270846
2.265353
2.278616
2.308250
2.305420
2.312184
2.320443
2.311280
2.293744
2.307213
2.320249
2.349730
2.304380
2.257949
2.270431
2.330132
2.311906
2.328725
2.353528
2.354639
2.378402
2.396173
2.387808
2.409115
2.404545
2.376512
2.349325
2.323703
2.311427
2.323872
2.334794
2.364731
2.350039
2.379882
2.395979
2.362515
2.360107
2.367006
2.372914
2.353375
2.380773
2.360585
2.338206
2.321193
2.338503
2.321684
2.344186
2.345855
2.319957
2.312976
2.304554
2.316476
2.274100
2.303818
2.327018
2.330264
2.327757
2.327824
2.339305
2.307563
2.276023
2.254137
2.282564
2.283917
2.295883
2.338988
2.350791
2.305498
2.282337
2.286313
2.280297
2.265496
2.272537
2.265520
2.281045
2.335074
2.315459
2.337950
2.345506
2.350795
2.314844
2.328555
2.336670
2.371589
2.409501
2.423031
2.404378
2.402154
2.378997
2.397968
2.453713
2.446595
2.462703
2.474049
2.466221
2.496792
2.469095
2.468834
2.479544
2.447302
2.430614
2.424693
2.399447
2.377660
2.397449
2.430829
2.419800
2.404931
2.409560
2.365164
2.364686
2.392424
2.382979
2.429754
2.403790
2.402653
2.389104
2.395758
2.393187
2.386233
2.374655
2.361036
2.381133
2.374180
2.370778
2.376027
2.380983
2.370324
2.350524
2.333793
2.334160
2.344967
2.404447
2.434719
2.446333
2.462102
2.485738
2.468266
2.449734
2.453629
2.438142
2.440963
2.450353
2.447628
2.470974
2.501923
2.502095
2.530236
2.552566
2.552321
2.555388
2.544842
2.560366
2.579919
2.576137
2.545262
2.537107
2.515128
2.495417
2.511133
2.515832
2.499836
2.510435
2.520128
2.498914
2.506565
2.465192
2.461896
2.467337
2.510947
2.505719
2.525823
2.551467
2.508674
2.506032
2.506431
2.464398
2.449185
2.464537
2.488837
2.482202
2.478848
2.480955
2.506735
2.511796
2.545158
2.557998
2.534155
2.538319
2.535892
2.523583
2.501895
2.481600
2.460546
2.435766
2.453915
2.437321
2.424350
2.460133
2.460893
2.474874
2.478655
2.438751
2.423941
2.423997
2.418029
2.437990
2.418483
2.423884
2.405125
2.424544
2.434832
2.423680
2.446860
2.381399
2.415258
2.423226
2.395708
2.346514
2.357670
2.378351
2.377678
2.409113
2.419771
2.406724
2.406755
2.436031
2.455770
2.439592
2.496915
2.499302
2.522190
2.492007
2.484157
2.489859
2.515815
2.492277
2.460563
2.474630
2.470626
2.482752
2.457386
2.463618
2.456197
2.474376
2.477986
2.492767
2.463370
2.449107
2.456692
2.429992
2.458946
2.457428
2.465219
2.458109
2.432031
2.415264
2.419484
2.397873
2.424875
2.418083
2.404223
2.420495
2.416980
2.427605
2.404400
2.388110
2.408769
2.422634
2.448661
2.452025
2.484716
2.459155
2.420586
2.419330
2.433473
2.418870
2.407978
2.421378
2.416528
2.420977
2.429879
2.464988
2.453375
2.424467
2.402967
2.406882
2.367618
2.344891
2.332541
2.347376
2.405379
2.423429
2.409919
2.450998
2.444976
2.409040
2.441762
2.460395
2.460710
2.451898
2.438682
2.472782
2.497439
2.534633
2.567079
2.575183
2.552218
2.528413
2.538307
2.566990
2.580086
2.583268
2.567313
2.583087
2.619028
2.578629
2.579078
2.570041
2.557109
2.544070
2.598167
2.585023
2.618667
2.632069
2.670211
2.703065
2.633399
2.657644
2.675708
2.663470
2.648514
2.635237
2.624501
2.643876
2.657542
2.637352
2.664127
2.651270
2.643430
2.628944
2.637236
2.603089
2.673903
2.718886
2.715599
2.680698
2.679599
2.693694
2.691051
2.716576
2.740433
2.764291
2.742508
2.790220
2.803970
2.820163
2.811976
2.735364
2.739967
2.748354
2.763586
2.757846
2.786685
2.809510
2.744875
2.701522
2.691562
2.682782
2.641502
2.635886
2.582433
2.541119
2.492713
2.526195
2.540294
2.523498
2.485365
2.508442
2.508434
2.538174
2.500723
2.493601
2.509541
2.545723
2.504897
2.484780
2.498228
2.497266
2.524159
2.563774
2.581961
2.587768
2.619613
2.613860
2.626004
2.610537
2.618899
2.658575
2.696694
2.734202
2.776426
2.827579
2.796343
2.797500
2.827425
2.834140
2.846307
2.826827
2.792673
2.755062
2.718149
2.770262
2.787124
2.755560
2.744714
2.739554
2.751690
2.804187
2.753485
2.761814
2.803772
2.765895
2.740040
2.720887
2.740940
2.714334
2.757247
2.790056
2.847723
2.853721
2.815101
2.811565
2.799875
2.796459
2.766761
2.806002
2.806221
2.812495
2.829410
2.809714
2.820841
2.844722
2.882932
2.865577
2.856742
2.866235
2.890455
2.950836
2.919959
2.858859
2.860694
2.866830
2.869379
2.908216
2.903772
2.931727
2.930032
2.894538
2.910111
2.855651
2.820232
2.846249
2.840405
2.795084
2.726523
2.762088
2.746123
2.690495
2.682437
2.687306
2.649925
2.635358
2.637137
2.609722
2.609116
2.618264
2.616156
2.608724
2.627358
2.633114
2.651551
2.656343
2.696828
2.746789
2.705079
2.678096
2.642778
2.652038
2.664823
2.666646
2.656603
2.667527
2.658709
2.661633
2.669291
2.676303
2.694553
2.714624
2.726373
2.740927
2.805922
2.812844
2.845158
2.850846
2.840380
2.838696
2.804385
2.835429
2.805260
2.842489
2.807825
2.789226
2.784395
2.776559
2.803481
2.838684
2.787344
2.755908
2.745053
2.711695
2.725888
2.694856
2.648340
2.718847
2.689065
2.699939
2.695695
2.755116
2.738335
2.707060
2.661717
2.692833
2.693552
2.732476
2.745969
2.773810
2.758294
2.743429
2.669033
2.698553
2.690527
2.739793
2.795636
2.740486
2.700900
2.713635
2.696360
2.691104
2.664271
2.677377
2.645318
2.701658
2.687709
2.695420
2.690202
2.741730
2.754208
2.779715
2.832321
2.810891
2.803718
2.811610
2.842606
2.817002
2.811095
2.839324
2.865690
2.892991
2.866350
2.880842
2.859884
2.827021
2.810523
2.823043
2.847468
2.836113
2.882327
2.903924
2.915897
2.867164
2.877119
2.869972
2.910197
2.966719
3.010114
3.060199
3.052652
3.069671
3.117045
3.144045
3.185603
3.221559
3.264963
3.262011
3.258143
3.314860
3.321258
3.308299
3.325310
3.365852
3.408393
3.399787
3.392525
3.413229
3.455543
3.428310
3.486783
3.467156
3.470176
3.425539
3.440067
3.426475
3.462789
3.466383
3.432721
3.435450
3.445530
3.452266
3.422035
3.447121
3.474536
3.461219
3.503532
3.529686
3.562911
3.559298
3.594499
3.592695
3.592275
3.607075
3.594136
3.640806
3.620534
3.618992
3.619582
3.632634
3.637672
3.620906
3.632305
3.680451
3.697216
3.712407
3.698063
3.653098
3.690268
3.707251
3.679743
3.707418
3.723116
3.666573
3.640360
3.651988
3.610432
3.611804
3.597429
3.543075
3.517193
3.488028
3.456256
3.464610
3.479154
3.474415
3.448913
3.410951
3.406936
3.384703
3.364946
3.356379
3.341275
3.341696
3.344447
3.373503
3.430775
3.434611
3.445196
3.447119
3.533838
3.521091
3.481384
3.470111
3.526993
3.504382
3.475688
3.486438
3.512011
3.513595
3.559493
3.500231
3.478442
3.480074
3.453806
3.406793
3.377528
3.396128
3.377963
3.393994
3.369955
3.365961
3.348051
3.338763
3.337415
3.329645
3.325616
3.354556
3.360929
3.382886
3.360005
3.427870
3.421148
3.434723
3.492818
3.445040
3.377668
3.447823
3.425863
3.408577
3.367554
3.344897
3.344854
3.351580
3.386688
3.366199
3.361180
3.387323
3.368859
3.391885
3.381506
3.416213
3.432727
3.496727
3.494314
3.523478
3.504444
3.515665
3.460294
3.492121
3.430520
3.370270
3.341893
3.296566
3.351702
3.361653
3.364722
3.354655
3.344849
3.328362
3.274436
3.293808
3.284483
3.313725
3.327172
3.402609
3.427458
3.394215
3.447559
3.447152
3.399281
3.435592
3.443023
3.453507
3.410159
3.460104
3.498414
3.513178
3.545207
3.561388
3.588262
3.619677
3.631966
3.644791
3.657748
3.702281
3.718160
3.709311
3.690026
3.674432
3.630552
3.666211
3.643701
3.653233
3.675072
3.658023
3.631411
3.644484
3.677419
3.657649
3.634003
3.573907
3.579225
3.602222
3.668733
3.637677
3.677415
3.696096
3.763979
3.804645
3.760210
3.802047
3.784873
3.822195
3.931009
3.964608
3.896179
3.926581
3.849800
3.893592
3.882016
3.898188
3.859055
3.843479
3.830116
3.844571
3.771158
3.822853
3.859461
3.857446
3.841403
3.802617
3.798016
3.810040
3.801079
3.795506
3.832072
3.830716
3.763835
3.757663
3.740295
3.702402
3.611908
3.645202
3.669403
3.693184
3.673278
3.718562
3.708793
3.713856
3.686819
3.676876
3.703750
3.760154
3.774390
3.762320
3.810064
3.848709
3.841828
3.825849
3.802167
3.770149
3.727162
3.715828
3.768032
3.727804
3.775132
3.791720
3.857146
3.895745
3.891350
3.876517
3.908571
3.887395
3.817356
3.824456
3.857671
3.819704
3.836660
3.836836
3.813927
3.790009
3.750461
3.681343
3.666813
3.710335
3.746636
3.768112
3.750948
3.750551
3.806438
3.866876
3.843269
3.874004
3.905279
3.908992
3.954247
3.982801
3.959194
3.971698
3.932366
3.925138
3.934166
3.887035
3.941671
3.971076
3.899600
3.950747
3.910094
3.965340
3.951168
4.021056
4.073543
4.067282
4.047938
4.162733
4.071199
4.100267
4.077216
4.071047
4.062591
4.013881
4.117411
4.004355
3.917629
3.851483
3.799600
3.672310
3.671362
3.666270
3.713712
3.679709
3.699149
3.741574
3.745260
3.763319
3.802206
3.720428
3.750247
3.652122
3.630834
3.720991
3.698985
3.615625
3.650801
3.670329
3.717636
3.707487
3.771133
3.835194
3.882865
3.877134
3.822858
3.781716
3.791375
3.803845
3.829498
3.826748
3.728856
3.719098
3.736983
3.773811
3.844845
3.845453
3.869668
3.887128
3.893639
3.899191
3.877539
3.844188
3.896200
3.873345
3.898339
3.910724
3.878023
3.912848
3.932435
3.886158
3.842700
3.802228
3.816601
3.805059
3.748082
3.803299
3.792935
3.831733
3.814107
3.807734
3.775307
3.841314
3.760224
3.718208
3.671786
3.696324
3.719068
3.735461
3.753799
3.738926
3.729628
3.707843
3.700612
3.675330
3.665807
3.644505
3.613931
3.625391
3.629557
3.630871
3.646952
3.691445
3.693290
3.653033
3.691752
3.722080
3.780810
3.781861
3.787296
3.835122
3.814221
3.850006
3.911067
3.908544
3.861829
3.826659
3.762042
3.802751
3.768097
3.748443
3.769037
3.796901
3.793309
3.819369
3.921598
3.867527
3.868982
3.839651
3.816801
3.752759
3.787663
3.738037
3.736266
3.668523
3.615649
3.633022
3.659460
3.682800
3.701998
3.722022
3.724650
3.713994
3.749511
3.744389
3.689706
3.664915
3.696352
3.693011
3.727075
3.718559
3.759336
3.811806
3.778765
3.810027
3.839028
3.828479
3.864604
3.864287
3.855624
3.968991
4.063393
4.099029
4.160469
4.088926
3.999035
3.969106
3.965705
3.942660
3.972963
4.050531
4.022421
3.936630
3.980512
3.876629
3.899528
3.954075
3.930137
3.938767
3.953037
3.951895
3.898722
3.846768
3.912909
3.837832
3.769265
3.735334
3.732215
3.733264
3.741653
3.741357
3.774405
3.775820
3.768978
3.767618
3.729380
3.741985
3.696090
3.729569
3.649193
3.700654
3.720042
3.727419
3.673725
3.683442
3.701436
3.732221
3.733292
3.717306
3.711830
3.762931
3.801512
3.783109
3.698776
3.797204
3.812025
3.800905
3.782368
3.756565
3.730708
3.739655
3.748174
3.733657
3.821767
3.793704
3.823033
3.810872
3.822694
3.841620
3.915360
3.947798
3.965090
3.942806
3.861793
3.842797
3.856623
3.802376
3.786482
3.768565
3.746997
3.717272
3.731372
