1.000000
0.964347
0.953466
0.981875
0.993750
1.011354
0.983444
0.959987
0.937865
0.940621
0.946583
0.981594
0.952856
0.970393
1.026241
1.043195
1.061566
1.093991
1.111827
1.128132
1.156278
1.164036
1.160040
1.136206
1.188268
1.237362
1.236035
1.181673
1.181538
1.150352
1.163744
1.185009
1.115405
1.105324
1.153884
1.208950
1.160683
1.203365
1.209893
1.205218
1.185244
1.185012
1.221707
1.214514
1.130456
1.162631
1.179284
1.143436
1.136058
1.087496
1.052300
1.095981
1.062960
1.095964
1.094913
1.103379
1.088289
1.137790
1.103821
1.102795
1.065218
1.060188
1.114419
1.117798
1.177572
1.170106
1.141461
1.121617
1.197554
1.126135
1.090013
1.153185
1.186790
1.139341
1.120566
1.122373
1.174397
1.208997
1.227922
1.235498
1.269779
1.263832
1.279709
1.285939
1.278760
1.323485
1.269132
1.314596
1.312631
1.359058
1.318793
1.299509
1.352952
1.335427
1.363620
1.291944
1.275910
1.285845
1.314074
1.218941
1.153736
1.185154
1.233183
1.292363
1.302027
1.302057
1.344645
1.372332
1.370026
1.330777
1.264815
1.290311
1.287632
1.293046
1.266959
1.252493
1.253008
1.279766
1.286498
1.294577
1.380378
1.376409
1.419224
1.470492
1.504923
1.482626
1.400182
1.469956
1.540945
1.540720
1.498317
1.528055
1.449649
1.498895
1.521253
1.497278
1.496655
1.558547
1.568036
1.551536
1.570970
1.559001
1.605628
1.528383
1.473032
1.513892
1.613331
1.678210
1.712622
1.779879
1.799888
1.749027
1.765333
1.716801
1.707701
1.746363
1.697257
1.594265
1.559231
1.594052
1.609059
1.648994
1.566034
1.547731
1.668050
1.683783
1.629834
1.671127
1.562690
1.638295
1.534929
1.490254
1.532204
1.530916
1.511995
1.461628
1.437757
1.444087
1.516439
1.493971
1.485700
1.529203
1.523447
1.549560
1.594666
1.635592
1.544340
1.586318
1.579754
1.627443
1.559754
1.589416
1.675029
1.625580
1.658613
1.699305
1.707139
1.779431
1.815326
1.787607
1.825526
1.934432
1.990877
2.029762
2.051576
2.125516
2.156483
2.213854
2.232040
2.065374
2.091742
2.049135
1.954257
1.921959
1.863349
1.946286
1.881415
1.811015
1.834785
1.784094
1.774815
1.773979
1.766154
1.729939
1.736222
1.784866
1.784643
1.792694
1.777543
1.804191
1.869210
1.803218
1.728482
1.759236
1.703636
1.675179
1.617728
1.569065
1.524373
1.606430
1.676747
1.679143
1.724130
1.699915
1.681361
1.710624
1.731694
1.759812
1.775156
1.848731
1.900457
1.864738
1.892209
1.876179
1.836571
1.899513
1.969939
1.918196
1.850442
1.790713
1.851840
1.919479
1.913358
2.004801
2.181901
2.303925
2.222943
2.263831
2.256346
2.462470
2.508350
2.373062
2.440454
2.456198
2.401530
2.246293
2.273566
2.265321
2.276992
2.293804
2.215113
2.119369
2.076900
2.035147
2.161827
2.176078
2.200149
2.239133
2.223029
2.172599
2.120874
2.087887
2.058260
2.060311
1.930315
1.980409
1.992913
2.007307
2.027345
1.940445
1.987644
1.986178
2.062057
2.111298
2.067966
2.067045
2.085388
2.089524
2.058006
2.084763
2.130725
2.119408
2.144825
2.175428
2.088019
2.063415
1.956831
1.865115
1.919594
1.973267
1.993029
1.996186
1.853264
1.828932
1.821490
1.836496
1.830807
1.877119
1.907918
1.821215
1.668686
1.636551
1.592478
1.598962
1.638443
1.624776
1.683279
1.733929
1.667965
1.724796
1.726595
1.723822
1.666240
1.677697
1.716862
1.766158
1.794834
1.769593
1.841237
1.808031
1.843102
1.808138
1.784140
1.876826
1.845867
1.833183
1.833295
1.863198
1.901899
1.857877
1.956945
2.051390
2.095417
2.035815
2.028774
1.996638
1.984418
1.956378
1.983317
2.042561
2.001157
1.984651
1.993300
1.997968
1.955335
2.015107
1.918170
1.981448
1.877846
1.790799
1.792241
1.815876
1.736996
1.740686
1.634965
1.591886
1.605271
1.655818
1.679943
1.729162
1.824066
1.784949
1.810052
1.751425
1.776142
1.734158
1.805087
1.777796
1.832637
1.764961
1.735068
1.708673
1.637510
1.581510
1.554707
1.687364
1.720238
1.741567
1.659816
1.701100
1.700550
1.762208
1.820121
1.750718
1.716112
1.693191
1.633246
1.636967
1.648172
1.625239
1.695480
1.708998
1.726484
1.727062
1.741526
1.684600
1.664547
1.694192
1.652368
1.667319
1.651737
1.703590
1.678110
1.761577
1.680296
1.654502
1.739879
1.695376
1.693679
1.673202
1.636609
1.655714
1.598252
1.637970
1.638372
1.616362
1.600012
1.644434
1.602878
1.601225
1.595066
1.561622
1.496954
1.543430
1.518021
1.481547
1.517990
1.515455
1.518356
1.467078
1.446406
1.462642
1.499490
1.487837
1.535497
1.535415
1.562317
1.612284
1.625286
1.568454
1.558616
1.520490
1.488658
1.460390
1.482470
1.394558
1.437799
1.372341
1.448691
1.472447
1.417256
1.420948
1.388492
1.424801
1.445968
1.454854
1.461329
1.399093
1.376524
1.323132
1.270497
1.336559
1.326522
1.250414
1.251569
1.265842
1.300440
1.322379
1.357198
1.327946
1.462395
1.552869
1.512378
1.558607
1.486180
1.385444
1.360972
1.311715
1.329121
1.326933
1.270598
1.274941
1.297312
1.308467
1.278078
1.296218
1.296258
1.372140
1.311068
1.302972
1.350582
1.386772
1.367576
1.339698
1.313226
1.262003
1.284003
1.258320
1.206385
1.261197
1.178845
1.115726
1.121878
1.120334
1.104596
1.105962
1.072054
1.043276
1.038538
1.078025
1.085215
1.119428
1.099413
1.119168
1.108894
1.154203
1.133082
1.217416
1.238236
1.221273
1.236781
1.258313
1.222905
1.226786
1.304227
1.313564
1.269129
1.276430
1.210011
1.193860
1.265801
1.316679
1.334950
1.269886
1.256879
1.337647
1.397184
1.490734
1.539214
1.504415
1.575401
1.659685
1.613589
1.704579
1.730749
1.760734
1.781706
1.749091
1.773854
1.785420
1.690466
1.720586
1.715548
1.696701
1.639789
1.680415
1.756016
1.680306
1.641290
1.673670
1.709545
1.673064
1.634688
1.658980
1.663646
1.670650
1.732027
1.703889
1.732837
1.696338
1.742849
1.714218
1.805629
1.876669
1.890968
1.869835
1.792299
1.754112
1.719019
1.763122
1.747968
1.651970
1.787001
1.796010
1.745746
1.837568
1.814119
1.888976
1.940473
2.038149
2.099438
2.200824
2.261830
2.377117
2.432147
2.585007
2.620267
2.657032
2.659634
2.676608
2.683131
2.743102
2.778385
2.831895
2.941948
2.792459
2.718840
2.961037
2.952760
3.092221
3.201259
3.312491
3.330891
3.472505
3.472554
3.603972
3.698532
3.700604
3.905378
3.953459
3.937195
3.899503
3.841715
3.760061
3.693979
3.866125
3.889624
4.217240
4.492684
4.490304
4.519773
4.771226
4.706703
4.555528
4.451121
4.713280
4.759508
4.737354
4.760268
4.778309
4.958691
4.988589
5.049573
5.167138
5.357541
5.031883
4.967348
5.067354
4.952501
4.807343
4.693059
4.868434
4.796505
4.651202
4.785100
4.794079
4.983247
5.200850
4.890813
4.950031
5.178998
5.172711
5.084557
4.955966
5.071944
5.289311
5.161174
4.986005
4.723725
4.924314
4.846580
4.857108
4.815116
4.781719
4.846832
4.872155
4.986079
5.080653
4.978667
4.920183
4.783014
4.874346
4.559261
4.725248
4.751985
4.563694
4.667327
4.501687
4.335513
4.226167
4.054956
3.913503
3.926464
4.025893
4.146909
4.188559
4.183403
4.226529
4.353120
4.285178
4.331048
4.150860
4.361910
4.171019
4.333931
4.355420
4.348928
4.436539
4.416223
4.423055
4.282637
4.197306
4.284199
4.331303
4.351897
4.363832
4.446175
4.625150
4.730550
4.760767
4.593563
4.749254
4.758316
4.847058
4.661293
4.257351
3.942673
4.073645
4.042861
4.098656
4.033042
3.923555
3.914123
3.829645
3.832445
3.924904
3.796615
3.718102
3.877261
3.859800
3.723164
3.645501
3.616284
3.604183
3.793963
3.856821
3.816189
3.703324
3.854181
3.978667
4.000920
3.906662
3.940135
3.840184
3.761318
3.754537
3.743227
3.650473
3.813561
4.039872
4.182995
4.132349
4.175602
4.118556
3.975120
4.025267
4.008611
3.934461
4.036865
3.813946
3.851136
3.844745
3.833768
3.790273
3.841657
4.007987
4.017953
3.968312
3.981812
4.069579
3.887558
3.695429
3.654175
3.721255
3.595588
3.403393
3.477546
3.537246
3.510954
3.655798
3.717612
3.688462
3.724822
3.664455
3.636545
3.677874
3.594078
3.569277
3.394105
3.327824
3.435912
3.411768
3.454921
3.576492
3.344733
3.212271
3.186775
3.201524
3.139805
3.213541
3.499195
3.553820
3.287625
3.341561
3.289083
3.224066
3.304482
3.432482
3.261243
3.246718
3.242591
3.453753
3.704466
3.686433
3.690166
3.800487
3.493764
3.698354
3.745535
3.477282
3.373907
3.318119
3.327469
3.283496
3.284366
3.016920
3.005159
2.933416
2.856035
2.862392
2.885069
2.915778
2.964279
2.871209
2.916719
2.886878
2.817477
2.795625
2.800059
2.904704
2.827125
2.786322
2.752308
2.570148
2.599731
2.564321
2.579047
2.656295
2.813671
2.857570
2.793056
2.712518
2.716602
2.672602
2.710321
2.706615
2.683361
2.679824
2.720717
2.760119
2.693878
2.669985
2.680167
2.678600
2.646517
2.641504
2.578052
2.638523
2.618525
2.519156
2.509282
2.424657
2.368824
2.516309
2.582968
2.526309
2.404363
2.273690
2.262954
2.313146
2.419465
2.238716
2.179597
2.311986
2.418439
2.412839
2.439312
2.272510
2.251448
2.350751
2.294691
2.390921
2.329164
2.487204
2.472376
2.429030
2.378946
2.536381
2.578259
2.629472
2.682323
2.695795
2.676822
2.649893
2.604779
2.578837
2.708270
2.632002
2.688615
2.759837
2.644339
2.662390
2.663584
2.718940
2.575975
2.503022
2.588347
2.555266
2.672602
2.571460
2.643056
2.542904
2.558336
2.719424
2.740678
2.834531
2.753149
2.959739
2.908778
2.795781
2.752277
2.719783
2.687249
2.686016
2.660898
2.642711
2.722821
2.675018
2.591372
2.630676
2.634722
2.685102
2.600550
2.470608
2.427235
2.482128
2.565848
2.465796
2.384874
2.483453
2.456476
2.524488
2.523135
2.484922
2.475211
2.391929
2.319716
2.336106
2.340844
2.356775
2.291502
2.295481
2.264714
2.249909
2.094556
2.077867
2.233848
2.260135
2.417390
2.413116
2.359402
2.330334
2.530521
2.430290
2.282411
2.215652
2.156775
2.244155
2.283017
2.374278
2.405632
2.446227
2.536819
2.512585
2.501740
2.568856
2.645154
2.625296
2.599767
2.575971
2.655597
2.641686
2.646808
2.590927
2.519647
2.503422
2.395437
2.464864
2.468986
2.549495
2.510030
2.486909
2.523495
2.365465
2.360148
2.417023
2.489531
2.317541
2.258774
2.110795
2.070405
1.899162
1.855754
1.838081
1.903552
1.920655
1.933912
1.929948
1.861293
1.828356
1.875524
1.867213
1.901743
1.835582
1.761151
1.767912
1.747975
1.761646
1.779186
1.840237
1.915513
1.834536
1.767548
1.805805
1.824005
1.842068
1.882511
1.883871
1.848659
1.817995
1.761155
1.692475
1.692152
1.740782
1.720838
1.680019
1.587818
1.675643
1.764052
1.813083
1.769043
1.820477
1.827832
1.948815
2.006101
1.961734
1.860140
1.926571
1.854142
1.788759
1.841916
1.846233
1.816851
1.803788
1.800955
1.811118
1.823837
1.759942
1.831573
1.813896
1.718409
1.754880
1.801030
1.786341
1.755060
1.734911
1.841210
1.839557
1.846824
1.941317
2.014060
2.056009
1.992762
2.032869
1.993845
2.000432
2.011906
1.966056
1.896080
1.853836
1.856457
1.916958
1.887327
1.916181
1.897904
1.825133
1.813213
1.888410
1.861665
1.844865
1.812232
1.794457
1.698954
1.660659
1.616062
1.588679
1.589753
1.640493
1.566953
1.622865
1.565259
1.584276
1.542819
1.571547
1.544705
1.532664
1.556115
1.571203
1.599642
1.547845
1.501871
1.560553
1.562058
1.557954
1.600356
1.714901
1.772751
1.752943
1.771871
1.788489
1.791258
1.683307
1.634389
1.713210
1.663203
1.692131
1.771041
1.776459
1.765512
1.700658
1.689904
1.723789
1.752926
1.667880
1.699902
1.707979
1.703177
1.700956
1.716580
1.818520
1.822982
1.908772
2.007154
1.929595
1.978913
2.010130
2.023084
2.082536
2.135881
2.059028
2.080162
2.040762
2.103938
1.952921
2.124052
2.264623
2.249704
2.415465
2.390186
2.430311
2.458173
2.249614
2.264111
2.254827
2.306445
2.206414
2.124370
2.123650
2.165236
2.140252
2.115349
2.116462
2.079207
2.067513
2.154043
2.182840
2.196257
2.194990
2.267814
2.254442
2.287920
2.381848
2.372979
2.489395
2.401600
2.530603
2.495013
2.539024
2.449368
2.526637
2.516483
2.473191
2.516282
2.621905
2.546601
2.531972
2.640080
2.646109
2.740273
2.747139
2.698725
2.814484
2.749563
2.686429
2.565830
2.508100
2.378557
2.307269
2.297289
2.429473
2.538568
2.506741
2.550015
2.492494
2.397648
2.464039
2.337173
2.293068
2.124739
2.167331
2.176537
2.141702
2.086169
2.130591
2.192989
2.184898
2.382696
2.322363
2.482205
2.416174
2.351206
2.353492
2.426802
2.281263
2.309206
2.272411
2.278168
2.295083
2.275164
2.390181
2.366472
2.322442
2.283866
2.252117
2.271918
2.358306
2.259922
2.211896
2.252762
2.340378
2.456587
2.277061
2.248669
2.329229
2.208280
2.242203
2.267864
2.236554
2.213050
2.130546
2.278943
2.224192
2.270193
2.154296
2.187183
2.050490
2.012848
1.967054
1.945043
1.822168
1.829535
1.809274
1.720989
1.723473
1.706228
1.716958
1.692636
1.673896
1.663535
1.747682
1.722914
1.812856
1.781619
1.852814
1.886425
1.797794
1.782345
1.763654
1.742857
1.692105
1.688083
1.661829
1.667792
1.677095
1.750746
1.683288
1.741121
1.666779
1.699775
1.682911
1.676362
1.669531
1.613380
1.641394
1.555869
1.577282
1.636263
1.600186
1.658764
1.692398
1.680928
1.654439
1.739874
1.662941
1.700086
1.619779
1.626547
1.721918
1.666421
1.657985
1.644030
1.596372
1.619143
1.599952
1.663550
1.657441
1.693919
1.691306
1.673580
1.719157
1.667360
1.763779
1.747752
1.744456
1.740692
1.696541
1.769653
1.801886
1.798244
1.703411
1.685614
1.754944
1.763576
1.767838
1.775262
1.779052
1.891438
1.904454
1.752291
1.771275
1.824375
1.797895
1.918194
1.932571
1.881559
1.756696
1.778343
1.709653
1.806912
1.800767
1.814717
1.726022
1.693925
1.687271
1.649563
1.682313
1.630847
1.584901
1.647776
1.681921
1.738823
1.721679
1.722186
1.714766
1.736857
1.754191
1.708248
1.773859
1.771083
1.846071
1.816188
1.835907
1.840094
1.749509
1.833765
1.829159
1.758167
1.742785
1.737120
1.761780
1.744753
1.733866
1.680985
1.667000
1.665083
1.725412
1.605891
1.589456
1.556362
1.555511
1.489583
1.490127
1.504794
1.593795
1.599851
1.538361
1.515142
1.497709
1.501637
1.522573
1.531182
1.517494
1.563088
1.598219
1.538538
1.521968
1.574303
1.590999
1.542235
1.590763
1.622685
1.553318
1.539745
1.569367
1.598751
1.593310
1.582814
1.589302
1.556869
1.560317
1.534550
1.519429
1.567894
1.571142
1.508134
1.423908
1.479724
1.558238
1.593855
1.681199
1.745462
1.782987
1.773793
1.757042
1.690945
1.616702
1.699877
1.753796
1.783258
1.800293
1.795720
1.790026
1.732063
1.725307
1.707307
1.647150
1.672328
1.685152
1.652003
1.695607
1.677712
1.794760
1.748760
1.779882
1.783859
1.694358
1.639252
1.652460
1.665830
1.646827
1.608958
1.672908
1.681725
1.749598
1.733015
1.764768
1.782768
1.848250
1.857792
1.841532
1.817041
1.845329
1.888722
1.933673
2.018936
1.972086
1.957305
1.969739
1.912543
1.978797
2.071641
1.998441
2.020718
2.020409
2.015400
1.962650
1.962162
1.892749
1.895801
1.879769
1.891331
1.908968
1.910240
1.948389
1.908985
1.789352
1.811197
1.881163
1.934511
1.936430
1.934967
1.897592
1.917908
1.904235
1.740875
1.770806
1.880116
1.904209
1.900196
1.900268
1.852489
1.894865
1.853701
1.769276
1.821948
1.903233
1.961775
2.062348
2.054963
2.143386
2.297334
2.239043
2.218584
2.138023
2.017033
1.954137
2.020463
1.981755
2.020202
2.031354
2.016492
2.029855
2.059801
2.134706
2.198277
2.281475
2.425153
2.558351
2.674642
2.664400
2.672808
2.638886
2.658459
2.684617
2.691428
2.620681
2.632078
2.726655
2.708682
2.764666
2.725716
2.786334
2.588158
2.536195
2.508546
2.674314
2.684354
2.671422
2.648002
2.695006
2.647587
2.790546
2.869247
2.887857
2.786344
2.748491
2.672046
2.752061
2.869183
2.920991
2.939078
3.013890
2.827728
2.877954
2.983622
2.842625
2.828710
2.858378
2.754660
2.811437
2.711090
2.594926
2.495232
2.339495
2.350184
2.367500
2.447728
2.369245
2.423418
2.279609
2.263156
2.323518
2.259263
2.247566
2.341394
2.391151
2.402586
2.365779
2.557878
2.575774
2.638180
2.632560
2.551575
2.524418
2.563087
2.606220
2.567392
2.584872
2.698356
2.640978
2.819144
2.802617
2.792669
2.584692
2.517792
2.556934
2.583960
2.660488
2.694410
2.791314
2.834385
2.753748
2.755102
2.749931
2.765312
2.838034
2.918986
2.964198
2.967487
2.967131
2.864314
2.878305
2.737594
2.763804
2.704990
2.676933
2.581297
2.534024
2.508434
2.725797
2.714833
2.815581
2.803419
2.715900
2.545820
2.482879
2.478785
2.479892
2.414990
2.327154
2.395339
2.478280
2.530040
2.662086
2.696012
2.616499
2.542923
2.442167
2.285969
2.297584
2.258609
2.283371
2.339408
2.427867
2.369377
2.338506
2.247340
2.160497
2.163087
2.054892
2.062121
1.963893
2.042749
2.116428
2.093148
2.069212
2.266776
2.360762
2.446828
2.371763
2.415121
2.490364
2.517378
2.402149
2.404962
2.456768
2.435908
2.381710
2.391720
2.314048
2.285909
2.235641
2.281096
2.292062
2.295466
2.438999
2.380794
2.464848
2.484507
2.331457
2.385433
2.436833
2.598576
2.575576
2.660476
2.824584
2.968856
2.820070
2.771410
2.801182
2.864905
2.884683
3.184044
3.223072
3.274998
3.434821
3.267703
3.325564
3.402614
3.336191
3.308469
3.282761
3.372244
3.319622
3.328953
3.489101
3.536916
3.406604
3.401182
3.381841
3.299866
3.311917
3.260663
3.325480
3.357446
3.388364
3.306385
3.189579
3.059591
3.079015
3.032245
3.117909
3.190777
3.079112
3.062746
3.091321
3.011708
3.165078
3.186784
3.315195
3.339626
3.316118
3.280563
3.389697
3.353680
3.240161
3.265567
3.309535
3.479670
3.863919
3.843261
3.851021
3.771050
3.888849
4.105997
3.994435
3.828421
4.043868
4.158440
4.235240
4.387617
4.329508
4.053307
4.024844
3.986001
3.840578
3.612693
3.801934
3.857557
3.834497
3.883182
3.761263
3.717609
3.427266
3.398390
3.422385
3.282936
3.316876
3.322918
3.342295
3.403002
3.468514
3.511252
3.498189
3.556312
3.416055
3.290413
3.261544
3.476274
3.543053
3.412133
3.393421
3.198553
3.205627
3.228115
3.294669
3.008361
2.914564
2.700927
2.740689
2.776291
2.790555
2.856839
2.748420
2.840174
2.664691
2.636223
2.732160
2.646752
2.756334
2.701930
2.708637
2.628286
2.618408
2.432054
2.431698
2.457790
2.488739
2.463046
2.506559
2.490089
2.456104
2.521787
2.493499
2.500663
2.537962
2.505889
2.514094
2.353413
2.402183
2.312982
2.337125
2.367220
2.329201
2.332517
2.303426
2.372302
2.265544
2.285402
2.373392
2.440605
2.391160
2.421511
2.387839
2.383695
2.357241
2.322821
2.383180
2.444749
2.566050
2.463436
2.584787
2.623271
2.464445
2.416680
2.430445
2.373534
2.411609
2.408202
2.278059
2.338491
2.258748
2.186236
2.124438
2.070635
1.982555
1.988431
2.066344
2.120435
2.046530
2.019541
2.058760
2.075317
2.090998
2.169288
2.262987
2.235376
2.267190
2.122047
2.149307
2.070385
2.184831
2.235967
2.304336
2.380316
2.378944
2.314541
2.344987
2.328183
2.281228
2.225055
2.265418
2.173303
2.283269
2.208428
2.177958
2.284318
2.388262
2.413777
2.492851
2.561088
2.484495
2.477145
2.410256
2.454943
2.457347
2.531173
2.364331
2.367140
2.435051
2.318724
2.422411
2.299429
2.358940
2.328204
2.318354
2.362331
2.440128
2.344520
2.408738
2.492526
2.428416
2.458965
2.512893
2.502251
2.496656
2.485543
2.494053
2.602357
2.362030
2.296038
2.329901
2.309444
2.370340
2.336457
2.370233
2.383252
2.432281
2.405174
2.414630
2.430837
2.410920
2.251731
2.342495
2.392111
2.431742
2.506023
2.526183
2.462700
2.660392
2.670859
2.696354
2.657925
2.715002
2.828803
2.726362
2.642265
2.444651
2.489888
2.557022
2.497616
2.520587
2.484743
2.478030
2.405065
2.368680
2.472461
2.484317
2.400350
2.449968
2.538527
2.536070
2.449537
2.421732
2.381577
2.340465
2.273889
2.252592
2.294186
2.324265
2.227740
2.363132
2.306364
2.375364
2.407089
2.493287
2.501844
2.563522
2.446280
2.392467
2.514576
2.598968
2.510943
2.433036
2.419608
2.413591
2.342802
2.410639
2.419010
2.478761
2.485563
2.513213
2.571770
2.506876
2.358630
2.370168
2.510356
2.586645
2.584575
2.793632
2.762293
2.738217
2.685025
2.900888
2.932226
2.941274
2.921592
3.008635
3.018798
2.965777
2.972250
3.068926
2.843063
2.887854
2.931599
2.886705
2.882589
2.839208
2.960752
2.819684
2.708800
2.724417
2.566898
2.492931
2.603502
2.619573
2.686668
2.688715
2.758352
2.728451
2.663851
2.777488
2.776560
2.794753
2.838257
2.896694
2.950219
2.971145
3.053895
3.130351
3.074696
3.029337
3.085538
3.120749
3.109559
3.128218
2.986599
2.971102
2.990128
2.798475
2.637505
2.438748
2.417825
2.541559
2.423415
2.325330
2.512329
2.543981
2.500948
2.449496
2.435860
2.431081
2.314666
2.251497
2.249362
2.294180
2.375056
2.366371
2.321616
2.295522
2.303987
2.262131
2.376683
2.381573
2.336970
2.253495
2.401071
2.384437
2.309757
2.281901
2.434998
2.447116
2.331325
2.425089
2.373884
2.383533
2.325381
2.229445
2.322827
2.235861
2.124929
2.136339
2.087787
2.110684
2.206670
2.276718
2.221368
2.141060
2.109566
2.138457
2.223035
2.309425
2.323500
2.412339
2.431478
2.458171
2.357096
2.426675
2.487896
2.655840
2.730633
2.829513
2.664959
2.629056
2.641342
2.691779
2.613758
2.790495
2.784023
2.854121
2.761369
2.766401
2.924524
2.921728
2.837621
2.850599
3.020318
3.108669
3.109016
2.990168
3.113319
2.923847
2.906219
2.910203
2.825176
2.796718
2.751802
2.645415
2.629208
2.667778
2.732576
2.933647
3.011528
2.889652
2.885945
2.674663
2.731769
2.605316
2.677062
2.588357
2.677445
2.630335
2.729990
2.838183
2.908611
2.930143
3.037506
3.112283
3.179597
3.336231
3.304304
3.350530
3.471214
3.506734
3.691571
3.827638
3.850034
4.122588
4.021940
3.700930
3.936595
3.990311
3.984574
3.891961
3.913891
4.009913
4.048349
3.839534
3.756245
3.861565
4.047276
4.058793
4.096335
4.161889
4.076322
4.209949
4.082139
4.026319
4.006135
3.875997
3.834373
3.861237
3.853923
3.630542
3.379067
3.240869
3.139961
3.007135
2.907635
3.019667
3.079100
2.936519
2.888645
2.880049
2.902522
2.698028
2.666678
2.577932
2.646838
2.695784
2.639834
2.760837
2.821156
2.962674
3.113592
3.050350
3.035674
2.878167
3.041847
2.908598
3.068144
2.981849
2.999848
3.071208
2.933380
3.036468
3.054653
3.100547
3.109626
3.144697
3.114178
3.092747
3.028531
3.061853
3.125995
3.090230
3.092330
2.987319
3.005296
3.039306
3.194906
3.169508
3.366911
3.444180
3.352690
3.275238
3.326607
3.283369
3.190723
3.041815
3.008886
3.103826
3.175838
3.137145
3.095084
3.052547
3.085971
3.192035
3.208575
3.099561
3.151875
3.224539
3.077757
3.189734
3.262153
3.423534
3.234232
3.125664
3.257367
3.117629
3.095548
3.025643
3.074874
3.131716
3.245970
3.276715
3.299433
3.401170
3.341807
3.253154
3.429254
3.516003
3.502385
3.705360
3.721333
3.734098
3.665224
3.698610
3.717099
3.603369
3.838589
4.008952
4.065219
4.217751
4.179360
4.176764
4.079178
3.941398
4.097785
4.337026
4.296455
4.482371
4.601591
4.672972
4.425648
4.671615
4.687489
4.632936
4.858609
4.774781
4.877154
4.762414
4.649867
4.962148
4.883256
5.132193
5.200421
5.161017
5.165712
5.429436
5.442584
5.380277
5.367030
5.357677
5.477210
5.441097
5.512733
5.554627
5.276934
5.721257
5.736173
6.153507
6.219043
6.200901
5.934713
5.809939
5.826736
5.718209
5.707258
5.521207
5.328618
5.287628
5.354973
5.147357
5.218338
5.163979
5.312192
5.294619
5.274399
5.161801
4.951667
4.898694
4.734014
4.810077
4.752095
4.815671
4.697196
4.821699
4.840455
4.858321
4.942222
5.235096
5.035471
5.140807
5.356639
5.506105
5.146828
5.196546
5.028566
5.157206
5.172125
5.090343
5.027121
5.332834
5.251510
5.225084
5.368633
5.274688
5.110577
5.269791
5.296225
5.142104
4.861290
4.991586
4.916882
4.965380
5.181718
5.175420
5.053775
5.068936
4.849703
4.929401
4.959996
5.059814
4.715094
4.637025
4.746752
4.603847
4.477163
4.273730
4.331843
4.366391
4.431434
4.529072
4.390555
4.543106
4.605284
4.706458
4.634222
4.616551
4.421721
4.800498
4.886844
4.737823
4.592636
4.562957
4.723190
4.490057
4.552285
4.586392
4.617105
4.592077
4.813184
4.877938
5.075885
5.132724
5.090594
4.926216
4.680575
4.710965
4.664088
4.695426
4.722704
4.609939
4.680978
4.855457
4.889764
4.792857
4.559097
4.509517
4.576931
4.693165
4.515108
4.228557
4.162037
4.106994
4.101385
3.887080
3.984903
3.981046
3.801678
3.780926
3.693052
3.702546
3.555476
3.614806
3.756246
3.491684
3.769670
3.792368
3.809751
3.800476
3.572987
3.363306
3.504774
3.570246
3.652601
3.619119
3.596094
3.543293
3.710048
3.799112
3.955808
4.070869
4.061363
3.769015
3.930055
4.172738
4.112937
3.971543
4.026789
4.223557
4.197672
4.410207
4.404438
4.462347
4.493428
4.336906
4.417384
4.590477
4.722359
4.820485
4.923513
5.049262
5.190103
5.047814
4.932758
4.998321
5.104098
5.256750
5.254702
5.397471
5.361225
5.252881
4.793249
4.791677
4.726352
4.887604
4.693514
4.633141
4.502732
4.527500
4.520321
4.645572
4.844035
5.034108
5.303431
5.285213
5.462555
5.593765
5.869177
5.920728
5.878753
6.090691
6.061954
6.077348
5.819762
5.766881
5.617961
5.760308
5.546429
5.394972
5.600088
5.602733
5.706963
5.726737
5.720563
5.784988
5.575934
5.482590
5.474678
5.549193
5.729090
5.634826
5.515206
5.452403
5.396548
5.401850
5.121017
5.291213
5.366711
5.435743
5.215440
4.963406
5.262156
5.090560
5.007566
4.913310
4.873257
4.922312
4.775979
4.723562
4.891534
4.792025
4.978454
4.759125
4.743862
4.734937
4.826465
4.852918
4.855488
5.114084
5.132244
5.486809
5.380357
5.311588
5.460821
5.758043
5.815711
5.485623
5.630274
5.364927
5.510515
5.721387
5.927909
6.072685
6.134740
6.205978
6.297813
6.462375
6.577938
6.200512
6.048111
6.315809
6.278489
6.306495
6.412870
6.233432
6.538092
6.692113
6.613569
6.325384
6.407114
6.327716
6.631144
6.350976
6.295945
6.277741
6.650036
6.323879
6.398988
6.239339
6.398510
6.372829
6.544226
6.629937
6.338522
6.364064
6.389668
6.361060
5.939569
5.925866
5.602685
5.630682
5.424195
5.201616
5.130681
5.356345
5.363180
5.308448
5.077079
5.092937
5.072612
4.986013
4.914175
4.841736
4.507139
4.493430
4.525372
4.542353
4.596349
4.426607
4.506841
4.328785
4.357570
4.245195
4.316126
4.440761
4.433480
4.655378
4.565153
4.410965
4.413809
4.526789
4.427800
4.502431
4.700031
4.854786
5.208238
5.282750
5.363782
5.534293
5.529760
5.353931
5.412110
5.203819
4.895448
4.884902
5.063527
5.249676
5.186818
5.204262
4.880684
4.922278
4.923768
5.174186
5.200775
5.368216
5.648994
5.782240
5.515441
5.447290
5.547242
5.319855
5.343530
5.215245
5.487240
5.245348
5.225936
5.069161
5.022762
5.178793
5.133391
5.402921
5.580814
5.636183
5.493215
5.728810
5.841495
6.021992
5.985946
6.052352
6.158882
5.971329
6.075249
6.102254
5.947628
5.986491
6.170701
5.941663
5.966326
6.043517
5.689353
5.753298
5.628684
5.943002
5.870134
6.102198
5.635694
5.794297
5.659291
5.479691
5.799060
5.872202
5.648651
5.565123
5.376335
5.353488
5.098428
4.986457
5.217662
5.315022
5.119306
5.228587
5.185298
5.420416
5.189993
5.140006
4.971525
5.125502
5.048995
5.099458
5.141973
4.962141
4.999565
4.763831
4.760788
4.681049
4.649477
4.630218
4.453174
4.265691
4.069251
4.132760
4.253449
4.433733
4.594012
4.832463
5.247662
5.140730
5.195857
5.014320
5.158780
5.146022
4.837878
4.889257
5.136891
5.363089
5.672738
5.720426
5.672190
5.848634
6.081247
5.967436
5.788033
6.089056
6.209618
6.029826
6.099222
6.068126
5.736775
5.565112
5.599988
5.792997
5.967434
5.890363
6.074628
6.072921
5.680802
5.891047
5.815491
5.837329
5.927468
6.153907
6.493219
6.540366
6.497400
6.273231
6.276053
6.108276
6.147136
6.353593
6.436095
6.231083
6.303510
6.560160
6.807069
6.409031
6.705258
6.703314
7.042562
7.102718
7.083541
7.016967
6.962367
6.299060
6.394042
6.340140
6.676388
6.991151
6.678771
6.412351
6.424835
6.472408
6.880075
6.638643
6.632757
6.765523
6.925661
6.599175
6.661489
6.601769
6.576201
6.512501
6.505312
6.736068
7.093179
7.179045
7.196884
6.700462
7.078670
7.238201
7.343510
7.623368
7.225536
6.859416
6.438090
6.492897
6.349508
6.036581
6.171147
6.279394
6.354646
6.443123
6.677980
7.151193
7.047320
7.315864
7.282679
7.134861
6.651907
6.946626
6.806378
6.815137
6.887686
7.292490
7.391463
7.355240
7.130245
7.114565
6.871947
6.941375
6.975170
6.869353
6.892235
7.142303
7.382136
7.449960
7.513903
7.576277
7.840980
8.099698
7.878154
8.191310
8.032361
7.532411
7.411752
7.366562
7.557333
7.365025
7.391413
7.242607
7.168229
7.282739
7.210145
7.480118
7.903360
8.454033
8.608127
8.019633
8.028022
8.115980
8.027401
7.844405
7.733312
7.471879
7.332041
7.340237
7.068956
6.454181
6.313851
6.211637
6.398065
6.609595
6.213685
6.406630
6.458590
6.847174
6.467460
6.624810
7.000290
7.068569
6.889073
6.955128
7.113667
7.419310
7.299867
7.303318
7.517569
7.748085
7.931227
8.212891
8.389911
8.454693
8.625679
8.609249
9.121514
9.044800
8.618621
8.615153
9.220180
8.997405
8.399753
8.380323
8.602534
8.700434
8.925197
9.354429
8.795165
8.810101
8.809567
8.552337
9.032675
9.336847
9.196183
9.611081
8.831281
8.866351
9.030728
8.973315
8.779519
8.559105
8.341766
8.447695
9.043651
9.359826
8.794692
8.592072
8.396297
8.788202
8.845485
8.989213
8.581993
8.754489
8.419460
8.070204
8.224765
8.502127
8.332109
7.744705
7.798340
7.724298
7.590660
7.433896
7.664125
7.741682
8.288086
7.462361
7.472073
7.689387
7.837471
8.111547
8.392652
8.654685
8.832118
9.048161
9.041062
8.656787
8.466930
8.341732
8.539519
8.656835
9.006003
8.831879
8.799779
9.034372
9.280735
9.288250
9.402018
9.102626
8.897071
8.771545
8.127467
7.998308
7.761862
7.783781
7.839503
8.177387
7.920531
7.710384
7.820367
7.648112
7.759066
7.358231
6.975509
6.730790
6.687653
7.011514
6.728001
6.623853
6.858304
6.905940
6.789034
6.570002
6.481695
6.496091
6.898280
6.976393
7.096474
7.023226
7.344213
7.325354
7.355172
7.120631
6.731473
6.607918
6.960429
6.927698
6.965557
7.049518
6.839319
6.560194
6.785647
6.598102
6.773619
6.699782
6.738467
6.682848
6.791187
6.920770
7.105717
6.772148
6.733540
7.055067
7.081612
7.215880
7.396004
7.604665
7.603528
7.481940
7.121806
7.344343
7.299469
7.030630
7.108193
6.916273
6.504297
6.278479
6.457454
6.571240
6.821735
6.964006
6.981312
7.372301
7.415678
7.436852
8.026869
8.159114
7.942373
8.026482
8.322045
8.180079
8.059924
8.103381
7.405162
7.257027
7.485151
7.491319
8.157423
8.334318
8.360537
8.386384
8.617775
8.451543
8.316504
8.480032
8.542120
8.464203
8.643492
8.721561
9.185217
9.363301
9.728829
9.743910
9.457218
9.006233
9.263683
9.119277
9.295240
9.830739
9.857930
10.309728
9.937782
10.072873
9.547441
9.338387
9.069593
8.965333
9.147168
9.380988
9.370542
9.358938
9.420570
10.028504
10.118288
10.116185
9.593400
9.610622
9.387741
9.140173
8.832814
8.381985
8.261937
8.122759
8.516490
8.702557
9.222816
9.020553
9.023891
9.121947
8.927073
8.802896
8.558752
8.811991
8.814381
8.429337
8.127564
7.984689
8.314282
8.197887
8.456848
8.387822
8.445893
8.665019
9.033868
8.979422
8.423094
8.247614
8.011243
7.654967
7.767779
7.319710
7.898960
7.665093
7.811207
7.931104
7.582063
7.757300
8.133385
7.912254
7.566565
7.841843
7.625428
7.692235
7.740953
7.934646
7.699319
7.419997
7.800966
8.075892
7.902019
7.942406
7.807446
8.064835
7.468560
7.682321
7.584749
7.690622
7.952399
7.846543
8.030620
8.025495
8.217734
8.062683
7.957579
8.175766
7.880641
7.819872
7.921765
7.976283
8.072194
8.336553
8.046596
8.082636
8.072216
8.108870
8.242408
8.081481
8.018435
7.808690
7.827046
7.347942
7.406266
7.533959
7.935536
7.961923
7.809126
8.080351
7.942141
8.040451
8.322407
8.672438
8.746596
8.742492
8.663751
8.958982
8.985425
8.642560
8.766721
8.776399
8.735859
8.726907
8.993421
8.877189
8.823350
9.074982
9.651529
9.113697
8.690669
8.503537
8.282997
8.455749
8.750527
8.843051
8.695578
9.112771
8.840117
8.418526
8.144650
8.284552
8.115763
8.274202
8.365912
7.995389
7.747725
8.029394
7.699129
7.720184
7.563823
7.587091
7.889742
7.648243
7.484655
7.370132
7.366795
7.154414
6.863727
7.209654
7.263893
6.973255
6.850492
6.905770
6.854349
6.708356
6.727891
6.430644
6.484549
6.308835
6.055907
5.747394
5.653193
5.741359
5.517262
5.384978
5.192199
5.283619
5.166749
5.317482
5.331971
5.196888
5.250990
5.175767
5.073120
4.980781
4.992274
4.999984
5.222182
5.435903
5.193906
5.055259
4.956971
5.221805
5.113768
4.834043
4.777363
4.877581
5.048508
5.179636
4.962574
5.025130
4.950304
5.189534
4.960651
5.178110
5.063489
5.413496
5.414485
5.612227
5.540030
5.981009
5.734984
5.696213
5.562706
5.779939
5.720815
5.797386
5.667298
5.708437
5.578163
5.265738
5.252047
5.164359
5.094618
4.828279
4.588803
4.497303
4.469392
4.190451
4.031452
3.830272
3.920141
4.028917
3.799098
3.866162
3.898207
3.930535
4.089628
4.172063
4.092773
3.958071
4.068864
4.231238
3.945654
3.963558
3.927894
4.047898
3.963734
3.875212
3.975398
3.978480
3.843716
4.006646
3.988735
3.998125
4.036218
4.027768
4.173452
4.144263
4.056999
4.125991
4.220463
4.514343
4.523801
4.415338
4.512510
4.796939
4.810877
4.979053
4.978020
5.030179
5.099686
5.039032
5.152872
5.184153
5.214998
5.103723
5.082035
4.904837
4.976329
4.908885
4.910420
4.944106
4.739569
4.802730
5.145989
5.353249
5.362373
5.543681
5.435916
5.535382
5.460784
5.323393
5.684502
5.821139
5.963701
5.929413
6.192651
6.406442
6.048039
6.028166
5.820417
5.578841
5.631084
5.934952
5.889263
5.817432
5.778692
5.991856
6.030416
5.821938
5.919880
5.589355
5.621720
5.535556
5.759925
5.601684
5.697690
5.690129
5.655213
5.567529
5.261265
5.349854
5.390804
5.483388
5.223243
5.045155
5.256837
5.509917
5.300764
5.241961
5.171804
5.401603
5.310196
5.402627
5.333444
5.333921
5.219065
5.248090
5.202530
5.168189
5.323413
5.515652
5.524225
5.439804
5.535324
5.486340
5.345293
5.164540
5.357780
5.594613
5.462243
5.542879
5.665113
5.801518
5.924404
5.660045
5.765453
5.641544
5.959100
5.768658
6.062030
6.014875
6.101252
6.207589
6.248965
6.466910
6.438462
6.359232
6.229972
6.015764
6.111443
6.333296
6.485969
6.499668
6.711062
7.034150
6.909622
7.041316
7.247097
7.293566
7.344162
7.415532
7.672890
7.638522
7.421061
7.562342
7.462041
7.534608
7.329269
7.509603
7.059561
6.983927
7.002977
6.586354
6.742630
6.791507
6.910852
6.823409
6.687152
6.680026
6.652194
6.778964
6.639076
6.657032
6.332805
6.122438
5.998812
5.774983
5.710899
5.426591
5.377194
5.357999
5.293981
5.142375
4.974487
4.988296
5.081892
5.123658
5.157921
5.063169
4.993771
5.027945
5.058471
5.187066
5.331254
5.274173
5.428107
5.456697
5.464460
5.385820
5.435857
5.184402
5.178429
5.284170
5.429540
5.423598
5.474301
5.251966
5.464331
5.572871
5.361595
5.378204
5.308572
5.235647
5.199232
5.233614
5.249929
5.267066
5.104632
5.086036
5.046669
4.848548
5.012703
4.925419
4.760480
5.013235
4.903248
4.743600
5.084544
4.942814
4.951333
4.946022
4.927826
4.943377
4.754326
4.819408
4.915017
5.054548
4.888302
4.950659
5.193277
5.074631
5.113035
5.445132
5.628806
5.535063
5.519595
5.419959
5.648662
5.522706
5.849766
5.544658
5.755770
5.385527
5.544859
5.592726
5.334660
5.317425
5.190578
5.047760
5.318105
5.063480
5.203785
5.238121
5.290911
5.145625
5.209189
5.224728
5.195507
5.309217
5.155466
5.065494
5.087133
5.016178
4.745234
4.600710
4.629463
4.555264
4.475403
4.538484
4.459133
4.352078
4.471795
4.462423
4.334731
4.420546
4.256223
4.006233
4.152722
4.131524
4.056862
4.150303
4.214084
4.336363
4.202680
4.069400
4.233609
4.004667
4.086907
4.075304
4.306164
4.381812
4.064913
3.861303
3.715727
3.840580
3.839979
3.957750
4.042646
3.997707
4.049058
4.185355
4.431989
4.519896
4.546504
4.537755
4.392835
4.389613
4.474076
4.484428
4.382616
4.681977
4.554295
4.727768
4.940587
4.809332
4.880265
5.051522
4.904845
4.942510
4.704766
4.832891
4.848881
4.816443
5.097630
5.036060
5.187300
5.237181
5.393026
5.415027
5.644773
5.540157
5.659447
5.896628
5.737419
5.415122
5.269516
5.255999
5.284845
5.317164
5.385025
5.455328
5.455081
5.550769
5.200356
5.221722
5.224791
5.431208
5.277732
5.383626
5.840750
6.012657
6.276343
6.107500
5.626111
5.427044
5.241951
5.112845
4.870997
4.701358
4.499723
4.390744
4.547931
4.335523
4.174734
4.258899
4.223041
4.177721
4.083057
4.222770
4.143200
3.983695
3.842181
3.835834
3.901442
3.796658
3.607914
3.573649
3.552859
3.505618
3.594643
3.683184
3.639151
3.639440
3.574373
3.502664
3.586195
3.527789
3.429596
3.342948
3.286488
3.417868
3.438497
3.479975
3.701697
3.906882
3.831998
3.874345
3.795657
3.818907
3.787363
3.868188
3.807037
3.727117
3.532854
3.594575
3.760656
3.827161
3.756194
3.755224
3.879812
3.972501
3.876408
3.725463
3.831698
3.662031
3.645696
3.540761
3.707191
3.732647
3.633717
3.554656
3.655056
3.853447
3.701247
3.724166
3.695425
3.764452
3.920649
3.905313
3.941869
3.986791
3.936563
3.841274
3.913238
3.983779
4.145272
3.890024
3.639957
3.704154
4.014905
3.914712
4.005574
4.141687
4.147925
4.281479
4.383542
4.334720
4.458125
4.431144
4.266327
4.110613
3.967584
3.900710
3.967716
4.027211
4.191956
4.108863
4.275334
4.367593
4.172973
4.159404
4.198195
4.231626
4.120459
4.273505
4.157892
4.032131
3.938530
4.032236
3.939711
4.061535
4.070761
3.927380
3.889676
3.844490
3.907942
3.679861
3.833284
3.956442
3.974049
3.960409
3.960773
4.023097
3.848933
3.681092
3.568160
3.711724
3.718744
3.780904
4.007381
4.071898
3.821596
3.699110
3.719670
3.688443
3.612061
3.647876
3.611940
3.690909
3.969827
3.863435
3.983163
4.024234
4.053185
3.855423
3.928280
3.971957
4.161330
4.373566
4.451920
4.342578
4.329762
4.196596
4.303364
4.622533
4.579751
4.675950
4.744681
4.696785
4.882534
4.709734
4.708145
4.773308
4.575283
4.475746
4.440961
4.293437
4.169059
4.279763
4.469874
4.405170
4.318810
4.345331
4.089897
4.087260
4.240222
4.186815
4.449012
4.297333
4.290848
4.213650
4.251092
4.236537
4.197261
4.132288
4.056677
4.166843
4.128024
4.109152
4.138178
4.165717
4.106219
3.996786
3.906021
3.907981
3.965707
4.286633
4.458817
4.526675
4.619768
4.761262
4.654490
4.542996
4.566041
4.474092
4.490607
4.545721
4.529593
4.667433
4.853945
4.855010
5.029221
5.170825
5.169242
5.189060
5.120736
5.220397
5.347591
5.322580
5.119059
5.066731
4.926693
4.803509
4.900027
4.929281
4.829289
4.894615
4.954910
4.821838
4.868939
4.612536
4.592861
4.625246
4.886067
4.853610
4.977851
5.139091
4.864100
4.847757
4.850219
4.590714
4.500300
4.590299
4.734697
4.694427
4.674189
4.686865
4.842245
4.873436
5.079951
5.161715
5.008216
5.034471
5.019113
4.941387
4.805899
4.681521
4.554802
4.408454
4.513252
4.415880
4.340903
4.545318
4.549798
4.632266
4.654845
4.415758
4.330203
4.330523
4.296506
4.409664
4.297097
4.327713
4.220855
4.329583
4.388196
4.324073
4.456014
4.075676
4.260556
4.305400
4.149414
3.877573
3.936389
4.046552
4.042899
4.213430
4.272901
4.199397
4.199570
4.362550
4.475330
4.381268
4.709712
4.724077
4.862101
4.676467
4.629468
4.663370
4.818471
4.674640
4.484859
4.566662
4.543088
4.614227
4.463821
4.499937
4.456692
4.561929
4.583163
4.670384
4.494663
4.411634
4.455225
4.300742
4.464235
4.455442
4.500508
4.459096
4.308168
4.213408
4.236895
4.116155
4.264036
4.225931
4.148652
4.238234
4.218598
4.277764
4.147306
4.057660
4.169651
4.246224
4.391766
4.411015
4.598641
4.447709
4.225153
4.218159
4.296830
4.214566
4.154018
4.227769
4.200752
4.225427
4.274997
4.472066
4.404848
4.239257
4.119318
4.140730
3.925221
3.805009
3.741073
3.816984
4.117895
4.216482
4.141488
4.366716
4.332487
4.129325
4.308272
4.413162
4.414964
4.364522
4.289467
4.480827
4.623376
4.843054
5.040849
5.091620
4.946754
4.799550
4.859470
5.034664
5.116612
5.136744
5.035525
5.134234
5.362151
5.098263
5.101095
5.044069
4.963093
4.882351
5.213576
5.129428
5.342419
5.429652
5.680683
5.903677
5.418235
5.577388
5.698336
5.615184
5.514588
5.426390
5.355858
5.482004
5.572409
5.437342
5.613457
5.527027
5.474883
5.379163
5.433293
5.208845
5.660931
5.964768
5.941762
5.698128
5.690675
5.786176
5.768063
5.942615
6.109117
6.278802
6.120946
6.460688
6.562264
6.683173
6.621274
6.045732
6.078191
6.137549
6.246074
6.204684
6.411689
6.579239
6.096333
5.789137
5.721042
5.661501
5.383571
5.347054
5.001107
4.745846
4.457418
4.648435
4.731206
4.631403
4.408117
4.538702
4.538656
4.710334
4.488594
4.447810
4.538520
4.747287
4.504391
4.388977
4.464762
4.459277
4.612487
4.843442
4.953061
4.988602
5.184462
5.148136
5.224446
5.126271
5.178659
5.428968
5.677315
5.929248
6.221380
6.587077
6.354919
6.363308
6.580476
6.630338
6.721151
6.574393
6.320969
6.049370
5.790782
6.144991
6.264324
6.037985
5.962161
5.926401
6.010161
6.375984
6.008181
6.066164
6.360189
6.086062
5.904554
5.772875
5.908616
5.725631
6.014432
6.242761
6.654423
6.699140
6.409892
6.384205
6.299517
6.274996
6.062387
6.336710
6.338287
6.383498
6.505985
6.361493
6.441868
6.615863
6.899376
6.766866
6.700303
6.771339
6.953891
7.417350
7.169729
6.691080
6.704782
6.750665
6.769814
7.062152
7.027722
7.243577
7.230215
6.950779
7.070088
6.647962
6.384893
6.572814
6.529758
6.197354
5.712357
5.950085
5.840360
5.462907
5.410707
5.442041
5.200525
5.109317
5.120321
4.950495
4.946828
5.002164
4.989315
4.944095
5.056767
5.092111
5.205866
5.235882
5.490477
5.814995
5.533277
5.357184
5.131782
5.189150
5.268962
5.280462
5.217014
5.285456
5.229713
5.248063
5.296237
5.340625
5.456815
5.586495
5.663635
5.760094
6.195868
6.244633
6.473510
6.514800
6.438494
6.426315
6.178501
6.396710
6.179566
6.441213
6.190604
6.059775
6.026289
5.972181
6.156931
6.403589
6.034091
5.816972
5.743873
5.521181
5.613378
5.409497
5.111595
5.545770
5.351958
5.421006
5.393820
5.773148
5.660962
5.454685
5.163189
5.355760
5.360322
5.607456
5.695798
5.880042
5.775104
5.675808
5.184749
5.367702
5.316768
5.627373
5.993310
5.616101
5.357281
5.437871
5.327427
5.294295
5.125874
5.206321
5.007427
5.347681
5.259591
5.307733
5.274951
5.597301
5.678574
5.846358
6.199355
6.049705
6.000451
6.054339
6.267283
6.087181
6.046457
6.240175
6.425050
6.620338
6.425831
6.529484
6.377932
6.144109
6.029713
6.115409
6.284217
6.204265
6.526810
6.682837
6.770746
6.409720
6.480724
6.429362
6.716861
7.133070
7.465951
7.862284
7.800422
7.939169
8.330076
8.560284
8.921281
9.242541
9.639829
9.612021
9.575658
10.107474
10.169714
10.043116
10.207873
10.604935
11.032567
10.943693
10.869113
11.080742
11.519008
11.229378
11.840433
11.627793
11.660106
11.181590
11.332887
11.190029
11.568391
11.606698
11.247096
11.275623
11.381175
11.452163
11.132210
11.392572
11.681643
11.538798
11.988842
12.274377
12.642997
12.602093
12.999727
12.978911
12.974071
13.144608
12.994175
13.532496
13.292100
13.274039
13.280943
13.433734
13.493175
13.294762
13.428292
13.996162
14.199566
14.385705
14.208370
13.657188
14.100534
14.307568
13.968862
14.304045
14.497278
13.794839
13.480192
13.617567
13.123195
13.139105
12.972266
12.346942
12.059184
11.740153
11.398969
11.486872
11.640716
11.590129
11.318716
10.921237
10.880223
10.653695
10.455291
10.370366
10.221476
10.225585
10.252442
10.536619
11.107325
11.146948
11.256550
11.276596
12.181674
12.041483
11.608252
11.488329
12.089140
11.841876
11.532526
11.646326
11.918871
11.936022
12.433475
11.773039
11.539220
11.556493
11.278192
10.788403
10.492731
10.677085
10.494883
10.653786
10.413040
10.373666
10.197562
10.107306
10.094287
10.019308
9.980628
10.257727
10.319901
10.535000
10.307662
10.971888
10.903244
11.041274
11.637095
11.129233
10.434848
11.126324
10.900231
10.724758
10.312953
10.091581
10.091168
10.155907
10.495318
10.292740
10.243778
10.497977
10.315409
10.540352
10.437451
10.779235
10.945478
11.596545
11.571014
11.879124
11.674389
11.793649
11.201034
11.529727
10.880842
10.271152
9.995240
9.562718
10.072994
10.168407
10.198025
10.100679
10.006480
9.849120
9.340006
9.516299
9.430344
9.698210
9.823770
10.534390
10.779836
10.446263
10.970053
10.965921
10.480066
10.837228
10.912013
11.018021
10.576794
11.071015
11.462091
11.616419
11.954302
12.128377
12.420366
12.767292
12.905583
13.050976
13.198998
13.711693
13.899319
13.793781
13.564979
13.382086
12.872227
13.275594
13.015541
13.124172
13.374481
13.176529
12.870698
13.018524
13.393872
13.164141
12.892623
12.212400
12.270377
12.521907
13.259545
12.901442
13.351087
13.567471
14.362470
14.857536
14.303921
14.811675
14.598219
15.057484
16.425132
16.873032
15.943888
16.340812
15.321370
15.877407
15.726803
15.935827
15.425434
15.226796
15.057893
15.239202
14.310798
14.936673
15.393017
15.367376
15.163468
14.675003
14.618353
14.766005
14.655205
14.586653
15.034999
15.018025
14.181487
14.107294
13.899264
13.450007
12.401168
12.765873
13.036277
13.305826
13.077016
13.591355
13.477438
13.536138
13.221741
13.107977
13.413637
14.065363
14.235259
14.090022
14.660482
15.134897
15.048567
14.848876
14.555629
14.164569
13.649302
13.516879
14.122742
13.641700
14.194265
14.393252
15.185613
15.670446
15.614043
15.424157
15.831061
15.557417
14.663147
14.750157
15.158863
14.682874
14.890822
14.893001
14.609297
14.316995
13.840360
13.026586
12.862550
13.349626
13.766327
14.018083
13.814363
13.809699
14.466222
15.199040
14.903002
15.283241
15.676884
15.724438
16.305238
16.680885
16.365442
16.530342
16.008064
15.914188
16.030969
15.418247
16.109672
16.493094
15.545976
16.196507
15.664785
16.370921
16.184251
17.097564
17.809590
17.722258
17.453345
19.032474
17.697266
18.100400
17.775749
17.689941
17.572712
16.900504
18.291261
16.688891
15.535719
14.698842
14.067114
12.563586
12.553239
12.497691
13.013654
12.633501
12.846441
13.316500
13.358354
13.563856
14.011019
13.049583
13.383276
12.266073
12.037962
12.991628
12.746498
11.830033
12.197230
12.405382
12.915511
12.803020
13.504239
14.236123
14.800681
14.730985
14.073056
13.589846
13.700587
13.844354
14.142232
14.109831
12.958264
12.850076
13.047230
13.457458
14.265621
14.272818
14.559564
14.769153
14.848080
14.915628
14.651378
14.249327
14.864424
14.586236
14.886527
15.037417
14.636248
15.055583
15.296031
14.721740
14.196499
13.719465
13.884926
13.750959
13.094026
13.709468
13.590279
14.033798
13.827837
13.754122
13.380423
14.126798
13.175359
12.705667
12.199565
12.459675
12.704273
12.882932
13.084709
12.919307
12.816805
12.577957
12.499697
12.227247
12.126169
11.901355
11.582817
11.700002
11.742896
11.756459
11.922582
12.386650
12.406402
11.974959
12.379902
12.704375
13.343929
13.355764
13.417001
13.957556
13.714869
14.125391
14.840139
14.809596
14.244874
13.830981
13.085855
13.537627
13.144033
12.925304
13.151862
13.462068
13.421436
13.715611
14.886855
14.231986
14.249069
13.904428
13.640432
12.910229
13.293326
12.737650
12.718396
11.982683
11.431678
11.606925
11.876405
12.118073
12.319613
12.532212
12.560443
12.445796
12.825520
12.769622
12.174647
11.913666
12.239707
12.204411
12.563566
12.471980
12.908321
13.483124
13.110250
13.456291
13.783074
13.662241
14.073536
14.069853
13.969221
15.279651
16.439134
16.899104
17.707239
16.735777
15.561954
15.190375
15.148848
14.867990
15.232575
16.181411
15.823138
14.746433
15.270876
13.999367
14.263195
14.899735
14.611948
14.714315
14.884395
14.870676
14.232315
13.627222
14.374758
13.494809
12.725597
12.360113
12.327186
12.338240
12.426695
12.423559
12.773675
12.788953
12.715017
12.700379
12.289140
12.421658
11.935595
12.280520
11.436146
11.950677
12.150431
12.227304
11.665354
11.763794
11.947140
12.264157
12.275385
12.107685
12.050781
12.580087
12.991597
12.790944
11.881238
12.889962
13.050477
12.929019
12.727847
12.450826
12.177403
12.270576
12.359757
12.207030
13.126104
12.818597
13.134770
13.001469
13.130148
13.337548
14.154346
14.528475
14.731505
14.467364
13.518970
13.306809
13.459556
12.855539
12.684096
12.492609
12.264503
11.954091
12.098756
