0.990111
0.980320
0.990014
0.999804
1.009691
0.999707
0.989821
0.980032
0.989724
0.999511
1.009395
0.999413
1.009297
1.019278
1.029357
1.039536
1.049816
1.060198
1.070682
1.081270
1.091963
1.081165
1.070473
1.081059
1.091749
1.080953
1.070264
1.059680
1.049201
1.059576
1.070054
1.059473
1.048995
1.059369
1.069845
1.059265
1.069740
1.080319
1.069636
1.059058
1.048585
1.058955
1.048483
1.038114
1.048380
1.058747
1.048278
1.037911
1.027647
1.017485
1.027547
1.017385
1.027446
1.017286
1.027346
1.017186
1.027245
1.017087
1.007029
0.997070
0.987210
0.996973
1.006832
1.016789
1.006733
0.996778
0.986921
0.996680
0.986824
0.977066
0.986728
0.996485
0.986631
0.976874
0.986535
0.996291
1.006143
1.016093
1.026141
1.036288
1.026040
1.036187
1.046434
1.036086
1.046331
1.035984
1.046229
1.035883
1.046127
1.035782
1.025539
1.035680
1.025439
1.035579
1.025338
1.015199
1.025238
1.035377
1.025138
1.015000
1.025038
1.035174
1.045411
1.055749
1.066189
1.076733
1.087381
1.076628
1.065981
1.055439
1.065877
1.055336
1.065772
1.055233
1.044798
1.055130
1.065564
1.076101
1.086743
1.097490
1.086637
1.097382
1.108234
1.119194
1.108126
1.097168
1.108018
1.118975
1.107909
1.096953
1.107801
1.096846
1.107693
1.118646
1.107584
1.096631
1.107476
1.118428
1.107368
1.118318
1.107259
1.118209
1.107151
1.096202
1.107043
1.117990
1.129046
1.140211
1.151487
1.162874
1.151374
1.162760
1.151262
1.139877
1.151149
1.139765
1.128494
1.117334
1.128384
1.139542
1.150811
1.139431
1.128163
1.139319
1.150586
1.139208
1.150474
1.139097
1.150361
1.138985
1.127722
1.138874
1.127612
1.116461
1.105420
1.094488
1.105312
1.116242
1.105204
1.094274
1.105096
1.094167
1.104988
1.115915
1.126950
1.115806
1.126840
1.115697
1.126730
1.115587
1.126620
1.137761
1.126509
1.137649
1.148900
1.160261
1.171735
1.183322
1.171620
1.183206
1.194907
1.206724
1.218657
1.230708
1.242879
1.255170
1.267582
1.280117
1.267458
1.279992
1.267334
1.254801
1.242393
1.230107
1.242271
1.229986
1.217823
1.229866
1.217704
1.205662
1.193739
1.181934
1.170246
1.181819
1.193506
1.181703
1.193389
1.181588
1.193272
1.205073
1.193156
1.181356
1.193039
1.181241
1.169560
1.157994
1.146542
1.135204
1.146430
1.157767
1.169217
1.180779
1.169102
1.157541
1.168988
1.180548
1.192222
1.204012
1.215919
1.227943
1.215800
1.227823
1.215681
1.203659
1.215562
1.227583
1.215443
1.203424
1.191523
1.203306
1.215206
1.203188
1.215087
1.227103
1.239238
1.226983
1.239116
1.226863
1.238995
1.251248
1.238874
1.251125
1.263498
1.251003
1.238632
1.250881
1.238511
1.250758
1.263127
1.250636
1.238268
1.226023
1.213899
1.225903
1.238026
1.250269
1.262633
1.250147
1.237784
1.225544
1.213424
1.201425
1.213306
1.201307
1.213187
1.225184
1.237300
1.249536
1.237179
1.249413
1.237058
1.249291
1.261645
1.249169
1.236816
1.249047
1.261399
1.248925
1.261275
1.273748
1.261152
1.273624
1.286218
1.273499
1.260905
1.248436
1.236090
1.248314
1.260659
1.273125
1.285715
1.273001
1.260412
1.247948
1.260289
1.247826
1.260166
1.272627
1.260042
1.247582
1.235245
1.223029
1.235124
1.247338
1.235003
1.247216
1.259550
1.247094
1.259426
1.271881
1.259303
1.246850
1.259180
1.271632
1.284207
1.296907
1.284082
1.296780
1.283956
1.296653
1.283831
1.271135
1.283705
1.271011
1.258442
1.270886
1.283454
1.296146
1.283329
1.296019
1.308836
1.321779
1.308708
1.295766
1.282952
1.270265
1.257703
1.270141
1.282701
1.270017
1.257457
1.269892
1.282450
1.269768
1.282325
1.269644
1.282199
1.269520
1.256966
1.269396
1.281949
1.269272
1.281823
1.269147
1.256597
1.269023
1.281573
1.294246
1.307045
1.319970
1.306917
1.319841
1.306789
1.319712
1.306662
1.319583
1.306534
1.319454
1.306406
1.293487
1.280696
1.268031
1.255491
1.243076
1.255368
1.267783
1.280320
1.267659
1.280195
1.267535
1.280070
1.292728
1.279944
1.267287
1.254755
1.242347
1.254632
1.267039
1.254509
1.266915
1.279444
1.292096
1.304874
1.317778
1.304746
1.291843
1.304619
1.291717
1.304491
1.291591
1.304363
1.291465
1.304236
1.291338
1.278568
1.291212
1.278443
1.265801
1.253283
1.240889
1.253161
1.240768
1.253038
1.265429
1.252915
1.240525
1.252793
1.240404
1.228138
1.215993
1.203968
1.192062
1.203850
1.191945
1.180158
1.191829
1.180043
1.191712
1.179927
1.168259
1.179812
1.191479
1.179696
1.191362
1.179581
1.191246
1.203026
1.214923
1.202908
1.191013
1.179235
1.167574
1.156027
1.167459
1.155914
1.167345
1.155801
1.167231
1.178774
1.167117
1.178658
1.167003
1.178543
1.190198
1.201968
1.213854
1.201850
1.189965
1.178198
1.166546
1.178082
1.166432
1.154897
1.166318
1.177852
1.189500
1.201263
1.213142
1.201145
1.213023
1.225019
1.212905
1.224899
1.212786
1.200793
1.188918
1.177161
1.188802
1.177046
1.165406
1.176931
1.188569
1.200323
1.188453
1.200206
1.212075
1.224061
1.211956
1.199971
1.211838
1.223821
1.211719
1.199736
1.187872
1.176125
1.187756
1.176010
1.164381
1.175895
1.164267
1.152753
1.164153
1.152641
1.141242
1.152528
1.141131
1.129846
1.118673
1.129735
1.140907
1.152190
1.140796
1.152077
1.140684
1.151965
1.140573
1.151852
1.163243
1.151739
1.163129
1.174631
1.163015
1.174516
1.186131
1.197861
1.186015
1.197743
1.185899
1.174172
1.185783
1.197509
1.209351
1.197392
1.185551
1.197275
1.209115
1.221072
1.233147
1.220952
1.233026
1.245220
1.232906
1.245098
1.257411
1.269845
1.282403
1.269721
1.282277
1.294958
1.282152
1.294831
1.282027
1.269349
1.256796
1.269224
1.281776
1.269100
1.256550
1.268976
1.281525
1.268852
1.256304
1.268728
1.281275
1.293945
1.306741
1.293818
1.306613
1.293692
1.306485
1.293565
1.306358
1.319276
1.332322
1.319147
1.306102
1.293186
1.280398
1.293060
1.280272
1.267612
1.280147
1.292807
1.280022
1.292680
1.279897
1.292554
1.305336
1.318244
1.331280
1.344445
1.357741
1.371167
1.384727
1.398420
1.412249
1.426215
1.440319
1.454562
1.468946
1.483473
1.498143
1.512958
1.527920
1.512810
1.497850
1.512662
1.497703
1.512514
1.527472
1.542577
1.557831
1.573237
1.588794
1.604506
1.620373
1.636397
1.652579
1.668921
1.652417
1.636077
1.619898
1.603878
1.588018
1.603722
1.619581
1.635597
1.651771
1.635437
1.651610
1.667942
1.651448
1.635117
1.618947
1.634957
1.651125
1.634797
1.650964
1.667290
1.683778
1.700429
1.717244
1.734226
1.751376
1.734057
1.716908
1.733887
1.716741
1.699764
1.682955
1.699598
1.682790
1.666149
1.682626
1.699265
1.716069
1.733039
1.715901
1.732870
1.750006
1.732700
1.715566
1.698601
1.715398
1.732362
1.715230
1.698268
1.681474
1.698102
1.681310
1.697936
1.681145
1.664520
1.680981
1.697604
1.714392
1.731345
1.714224
1.697272
1.680488
1.697106
1.680323
1.696940
1.713721
1.696774
1.713554
1.696608
1.679830
1.663219
1.646771
1.630486
1.646610
1.662893
1.679338
1.695945
1.679173
1.695779
1.712548
1.695613
1.712381
1.695447
1.712213
1.695281
1.712046
1.728976
1.711879
1.728807
1.711711
1.728638
1.711544
1.694618
1.711376
1.728300
1.745391
1.762652
1.780082
1.797686
1.815463
1.833416
1.815285
1.833237
1.851366
1.869674
1.851185
1.832878
1.814753
1.832699
1.814575
1.832520
1.814398
1.796455
1.778690
1.761101
1.778516
1.796104
1.778342
1.760756
1.778168
1.760584
1.743174
1.725936
1.708868
1.691969
1.708701
1.725598
1.708534
1.691638
1.708366
1.725260
1.742322
1.725092
1.742151
1.724923
1.707865
1.690976
1.674254
1.657697
1.674090
1.690646
1.707364
1.690480
1.707197
1.690315
1.673599
1.690150
1.673436
1.656887
1.673272
1.656725
1.673108
1.656563
1.640181
1.623962
1.640021
1.656239
1.672618
1.656077
1.672454
1.688993
1.672290
1.655753
1.639379
1.655591
1.639219
1.623009
1.639059
1.655267
1.638899
1.655106
1.671473
1.654944
1.671309
1.654782
1.638418
1.654620
1.638258
1.622057
1.606016
1.590134
1.605859
1.589979
1.605702
1.621581
1.605545
1.589668
1.573948
1.589512
1.573794
1.589357
1.605074
1.620947
1.604917
1.620788
1.604760
1.588891
1.604603
1.620471
1.604446
1.588580
1.572871
1.588425
1.604133
1.588269
1.603976
1.619837
1.603819
1.619679
1.635696
1.619521
1.603505
1.587648
1.603348
1.587493
1.603192
1.587338
1.571640
1.556099
1.540710
1.555946
1.571333
1.586872
1.602565
1.586717
1.602408
1.586562
1.570872
1.555338
1.570719
1.586251
1.570565
1.555034
1.539656
1.524430
1.539505
1.524281
1.539355
1.554577
1.569951
1.585476
1.569797
1.554273
1.569644
1.554121
1.569490
1.553969
1.538602
1.523387
1.538452
1.553666
1.538301
1.523089
1.538151
1.522940
1.507880
1.492968
1.478204
1.492822
1.478060
1.463443
1.448971
1.434642
1.420455
1.434502
1.448688
1.434362
1.420177
1.406133
1.392228
1.405996
1.419900
1.405858
1.391956
1.405721
1.419622
1.405583
1.419483
1.405446
1.391547
1.405308
1.391411
1.405171
1.391275
1.405034
1.391139
1.377382
1.363761
1.377248
1.390867
1.404621
1.418512
1.432539
1.418373
1.404347
1.390459
1.376709
1.390323
1.376574
1.390187
1.403935
1.390051
1.403797
1.417680
1.431699
1.417541
1.403523
1.417402
1.403386
1.417264
1.403248
1.417125
1.403111
1.416987
1.430999
1.445150
1.459441
1.445009
1.459299
1.444868
1.430579
1.416432
1.402425
1.388557
1.374825
1.361230
1.347768
1.361096
1.347637
1.334310
1.347505
1.360830
1.374288
1.360697
1.347241
1.333918
1.347110
1.360431
1.346978
1.333658
1.346846
1.333527
1.346714
1.333397
1.320211
1.307155
1.294229
1.281430
1.294102
1.306900
1.319823
1.306772
1.319694
1.306644
1.293723
1.280929
1.268262
1.280804
1.293470
1.306261
1.293343
1.280553
1.267890
1.280428
1.267766
1.255229
1.242816
1.230526
1.242694
1.254983
1.267394
1.279927
1.292584
1.305367
1.292458
1.279677
1.292332
1.305111
1.292205
1.279427
1.266774
1.279301
1.266650
1.279176
1.266527
1.254002
1.241601
1.229323
1.241480
1.253757
1.266155
1.253634
1.241237
1.253511
1.241115
1.228842
1.240994
1.253266
1.240873
1.228602
1.216452
1.204423
1.192512
1.180719
1.169043
1.180604
1.192279
1.204069
1.192162
1.180373
1.168700
1.180257
1.168586
1.180142
1.168472
1.156917
1.168357
1.156803
1.168243
1.179796
1.191463
1.203245
1.191346
1.179565
1.191230
1.203010
1.214906
1.226921
1.239054
1.226801
1.214669
1.202657
1.190764
1.178988
1.190648
1.178873
1.167215
1.155673
1.167101
1.178643
1.190298
1.178527
1.190182
1.201952
1.213838
1.225841
1.213719
1.201716
1.213600
1.201599
1.189716
1.201481
1.213363
1.201364
1.189484
1.177721
1.189367
1.201129
1.189251
1.201012
1.189135
1.177375
1.189018
1.200777
1.188902
1.177145
1.165504
1.177030
1.165390
1.176915
1.188553
1.200307
1.212177
1.200190
1.212058
1.200072
1.211940
1.223925
1.211821
1.199838
1.187972
1.199720
1.211584
1.199603
1.211466
1.199486
1.187624
1.175879
1.187508
1.175764
1.164137
1.152625
1.141227
1.129941
1.118767
1.107704
1.096750
1.107595
1.118548
1.107487
1.118439
1.107379
1.118330
1.107271
1.118220
1.107162
1.096214
1.107054
1.118002
1.129058
1.117892
1.106837
1.117783
1.128837
1.117674
1.128726
1.139888
1.151161
1.139777
1.151048
1.162431
1.173926
1.162317
1.150823
1.162203
1.150710
1.162090
1.173582
1.185187
1.173467
1.161863
1.150373
1.161749
1.173237
1.161635
1.173123
1.184724
1.173008
1.161408
1.172893
1.184492
1.196205
1.208035
1.219981
1.207917
1.219862
1.231925
1.244107
1.256410
1.268835
1.256288
1.268711
1.256165
1.268587
1.256042
1.268463
1.281007
1.268339
1.280881
1.268215
1.280756
1.293422
1.280631
1.293295
1.280506
1.293169
1.280380
1.267719
1.255182
1.267595
1.255060
1.242648
1.254937
1.242527
1.230239
1.242405
1.254691
1.267099
1.254569
1.266975
1.254446
1.266851
1.279379
1.266727
1.279254
1.266603
1.279129
1.266480
1.279004
1.266356
1.278879
1.266232
1.253710
1.266108
1.278629
1.265984
1.253465
1.265860
1.278379
1.291020
1.303787
1.290894
1.303660
1.290768
1.278004
1.265365
1.252852
1.240463
1.228196
1.216050
1.228076
1.240220
1.227956
1.240099
1.227835
1.215693
1.227715
1.215575
1.203554
1.191652
1.203436
1.215337
1.203318
1.191419
1.203201
1.215099
1.203083
1.214980
1.202965
1.214861
1.202848
1.190953
1.202730
1.214624
1.202612
1.214505
1.202495
1.214386
1.226395
1.214268
1.226275
1.214149
1.202142
1.190254
1.178484
1.190138
1.201907
1.190021
1.178253
1.189905
1.201672
1.213555
1.201554
1.189672
1.201437
1.189556
1.201319
1.213199
1.201202
1.189323
1.177562
1.189207
1.177447
1.189091
1.177332
1.188974
1.177217
1.165575
1.154049
1.142636
1.131337
1.142525
1.131226
1.120039
1.131116
1.119930
1.131005
1.119820
1.108747
1.097782
1.108638
1.097675
1.108530
1.097567
1.108421
1.119382
1.108313
1.097353
1.086501
1.075757
1.065118
1.054586
1.044157
1.054482
1.064910
1.075441
1.064806
1.075336
1.064702
1.075231
1.064598
1.054070
1.043646
1.033326
1.043544
1.033225
1.043442
1.053761
1.043340
1.053658
1.064077
1.053555
1.043136
1.053452
1.043034
1.053349
1.042932
1.053246
1.063661
1.053143
1.042728
1.032417
1.022207
1.032316
1.022107
1.032215
1.022007
1.032114
1.021907
1.011801
1.021807
1.011703
1.021707
1.011604
1.001600
0.991695
0.981888
0.991598
1.001404
0.991501
0.981696
0.971988
0.981600
0.991307
1.001110
1.011010
1.021008
1.031105
1.041301
1.031004
1.041200
1.051496
1.041098
1.051393
1.061790
1.051290
1.040894
1.051188
1.040792
1.051085
1.040691
1.050982
1.040589
1.030298
1.020110
1.010022
1.020010
1.009923
0.999936
1.009824
1.019811
1.029895
1.019711
1.029795
1.019611
1.029694
1.039877
1.029593
1.039775
1.029493
1.039673
1.029392
1.039572
1.049852
1.039470
1.049749
1.039368
1.029090
1.018913
1.008837
1.018814
1.008739
0.998763
0.988886
0.979107
0.969425
0.979012
0.969330
0.959744
0.950254
0.940856
0.931552
0.940764
0.950068
0.959463
0.968951
0.959369
0.949882
0.940488
0.949789
0.959181
0.968667
0.959088
0.968572
0.978150
0.968477
0.958900
0.968383
0.977959
0.968288
0.977863
0.987533
0.977768
0.968099
0.977672
0.987340
0.977576
0.967909
0.977481
0.967815
0.977385
0.967720
0.958150
0.967625
0.977194
0.967531
0.957963
0.967436
0.977003
0.986665
0.996422
1.006275
1.016226
1.006177
0.996227
0.986375
0.976621
0.986279
0.996032
1.005882
1.015829
1.005783
0.995837
0.985989
0.976239
0.966585
0.957026
0.966490
0.976048
0.966396
0.975953
0.966301
0.975857
0.966207
0.975762
0.985411
0.975666
0.966018
0.975571
0.985218
0.975475
0.965829
0.975380
0.985026
0.994767
0.984929
0.994669
1.004506
1.014439
1.024471
1.014340
1.004309
1.014241
1.024270
1.034400
1.044629
1.034298
1.024070
1.034197
1.023970
1.034096
1.044322
1.033995
1.044220
1.033894
1.023670
1.013547
1.003524
0.993600
1.003425
0.993503
1.003327
1.013249
1.023269
1.033388
1.023169
1.013051
1.023069
1.033186
1.043403
1.053722
1.043301
1.032984
1.043199
1.032883
1.022669
1.032782
1.042995
1.053310
1.042893
1.053207
1.042791
1.053104
1.042689
1.032378
1.042587
1.052898
1.063310
1.073825
1.063206
1.073720
1.084338
1.073615
1.062998
1.052486
1.042078
1.031773
1.041976
1.031672
1.041874
1.052177
1.041772
1.052074
1.062478
1.072985
1.083596
1.094311
1.105133
1.116062
1.127098
1.115953
1.126988
1.115843
1.126878
1.138022
1.149276
1.137910
1.149163
1.160527
1.149051
1.160414
1.148938
1.160300
1.148826
1.137465
1.126217
1.137354
1.148601
1.137243
1.125997
1.137132
1.125887
1.137020
1.148264
1.159620
1.148152
1.136798
1.125556
1.136687
1.147928
1.159279
1.170744
1.182321
1.170629
1.182205
1.193896
1.182090
1.170400
1.181974
1.170286
1.181859
1.170171
1.158599
1.147142
1.135798
1.147030
1.158373
1.169828
1.158260
1.169714
1.158146
1.146693
1.158033
1.146581
1.135243
1.146469
1.157807
1.169256
1.157693
1.169142
1.180703
1.192379
1.180588
1.168913
1.157354
1.168799
1.180357
1.168684
1.180242
1.191913
1.180126
1.191796
1.180011
1.168342
1.156788
1.145348
1.156675
1.168113
1.179665
1.191330
1.203111
1.215009
1.202994
1.214890
1.202876
1.214771
1.226784
1.238916
1.251168
1.263540
1.251045
1.238674
1.250923
1.238552
1.250800
1.238431
1.226184
1.214059
1.202053
1.190166
1.201935
1.190049
1.201818
1.189933
1.178166
1.166515
1.154979
1.143558
1.154866
1.143446
1.132138
1.143334
1.154640
1.166059
1.177590
1.189235
1.177475
1.165831
1.154302
1.142887
1.154189
1.142775
1.154076
1.165489
1.177014
1.165375
1.153850
1.142440
1.131142
1.142328
1.131032
1.142216
1.130921
1.142105
1.153399
1.141993
1.130700
1.141881
1.153173
1.164577
1.153061
1.164463
1.175979
1.187608
1.175864
1.187492
1.199235
1.187376
1.175634
1.187260
1.175519
1.163894
1.152384
1.163780
1.175289
1.186911
1.198649
1.186795
1.198531
1.210384
1.198414
1.210265
1.222234
1.234320
1.222114
1.234200
1.246405
1.258730
1.246283
1.233958
1.246161
1.258484
1.270929
1.283497
1.296190
1.309008
1.321953
1.308880
1.321823
1.334895
1.321694
1.308624
1.295683
1.308496
1.295556
1.308368
1.321306
1.334373
1.321177
1.308112
1.295176
1.282368
1.295050
1.282243
1.294923
1.307728
1.320661
1.307601
1.294670
1.281867
1.294543
1.281741
1.294416
1.307217
1.294290
1.281491
1.294163
1.281365
1.294037
1.306833
1.319757
1.332808
1.319628
1.306578
1.319499
1.306450
1.293531
1.306322
1.319241
1.332287
1.345462
1.332156
1.345330
1.332026
1.345198
1.358501
1.345067
1.331765
1.344935
1.358235
1.371667
1.385231
1.371533
1.357970
1.344541
1.331245
1.318080
1.305045
1.317951
1.330984
1.317822
1.330854
1.317693
1.304663
1.291761
1.278987
1.291634
1.278862
1.291508
1.304280
1.317178
1.330203
1.343358
1.356642
1.343227
1.356510
1.343095
1.329813
1.316663
1.329683
1.342832
1.329553
1.316405
1.303387
1.316277
1.329293
1.342439
1.329163
1.316019
1.303005
1.315890
1.328903
1.342045
1.355316
1.341914
1.355184
1.341782
1.328513
1.341651
1.328383
1.341520
1.328254
1.341389
1.328124
1.314990
1.301986
1.289111
1.301859
1.314733
1.301731
1.314604
1.301604
1.288732
1.301477
1.288606
1.301349
1.314218
1.301222
1.314090
1.301095
1.313961
1.300968
1.313833
1.326825
1.313704
1.326696
1.313576
1.326566
1.313448
1.326436
1.339553
1.352800
1.339422
1.352668
1.339291
1.326047
1.312934
1.299950
1.312805
1.325788
1.338898
1.325658
1.338768
1.352007
1.338637
1.325399
1.338506
1.325269
1.338375
1.325140
1.312035
1.325010
1.311907
1.298934
1.286088
1.273370
1.260778
1.273246
1.285837
1.298553
1.285711
1.272997
1.285585
1.298299
1.311137
1.324103
1.337197
1.323974
1.337067
1.323844
1.336936
1.323715
1.336805
1.350025
1.363375
1.376858
1.363242
1.349761
1.363108
1.349629
1.336282
1.323068
1.336152
1.322938
1.336021
1.322809
1.309728
1.322680
1.335760
1.348969
1.362309
1.375781
1.362176
1.348705
1.335368
1.348573
1.361909
1.375377
1.361776
1.375243
1.388842
1.375108
1.388707
1.374974
1.388571
1.374839
1.361243
1.374705
1.388299
1.374570
1.388163
1.401891
1.388028
1.401754
1.415616
1.401617
1.387756
1.374033
1.387621
1.401343
1.387485
1.373764
1.387349
1.373630
1.387214
1.373495
1.387078
1.400795
1.414647
1.400658
1.414509
1.428497
1.414370
1.400384
1.414232
1.428217
1.442341
1.456604
1.471009
1.456462
1.470865
1.485410
1.500100
1.485265
1.499953
1.514786
1.499806
1.484975
1.470290
1.484829
1.499513
1.484684
1.499366
1.484539
1.469858
1.455323
1.440931
1.455181
1.469571
1.455038
1.469427
1.483958
1.469283
1.454754
1.440368
1.426124
1.412021
1.398057
1.384232
1.397921
1.411745
1.397784
1.411607
1.397647
1.411469
1.425427
1.439523
1.453758
1.468134
1.453616
1.439241
1.453474
1.467847
1.453332
1.438960
1.424730
1.410641
1.396691
1.410503
1.424451
1.438538
1.452763
1.467130
1.481638
1.466986
1.452479
1.466843
1.481348
1.495997
1.481203
1.495851
1.481059
1.466412
1.451911
1.466269
1.480769
1.495412
1.480624
1.495266
1.510053
1.495120
1.509905
1.524837
1.509757
1.524687
1.539765
1.524538
1.509462
1.494535
1.509315
1.494389
1.479611
1.494243
1.479466
1.464836
1.479322
1.493951
1.508724
1.523644
1.538711
1.523495
1.508429
1.523346
1.508282
1.523197
1.538260
1.553472
1.568834
1.584348
1.600016
1.615838
1.599859
1.584038
1.599703
1.615522
1.599547
1.615364
1.599390
1.583574
1.599234
1.583419
1.567760
1.552257
1.536907
1.552105
1.536756
1.521559
1.536606
1.551802
1.536456
1.521262
1.506218
1.491323
1.476575
1.461973
1.447516
1.461830
1.476287
1.461688
1.447233
1.432921
1.447091
1.432781
1.446950
1.461259
1.446808
1.432501
1.446667
1.432361
1.418196
1.404172
1.418057
1.432081
1.417919
1.431941
1.417780
1.431801
1.417641
1.403622
1.417503
1.403485
1.389606
1.403348
1.389470
1.403211
1.417087
1.431101
1.416948
1.402936
1.389063
1.402799
1.416671
1.430681
1.444829
1.459117
1.473546
1.488118
1.473402
1.487972
1.502687
1.517547
1.532554
1.547709
1.532404
1.517250
1.532254
1.547407
1.532104
1.547255
1.531955
1.547104
1.531805
1.546953
1.562251
1.546801
1.531505
1.546650
1.561945
1.577391
1.592990
1.577237
1.592834
1.577083
1.561487
1.576928
1.561334
1.545894
1.530607
1.515471
1.500484
1.515322
1.530307
1.545441
1.560723
1.545289
1.530008
1.514878
1.529858
1.514730
1.529709
1.514582
1.529559
1.514433
1.529410
1.544534
1.559808
1.575233
1.590810
1.606542
1.622429
1.638473
1.622270
1.638313
1.654514
1.670876
1.687399
1.704086
1.720937
1.737956
1.720769
1.703752
1.720601
1.737616
1.720433
1.703419
1.720264
1.737276
1.754456
1.737106
1.719928
1.736936
1.754113
1.771459
1.788977
1.806668
1.788802
1.806492
1.788627
1.770940
1.753427
1.736087
1.718919
1.735917
1.718751
1.701754
1.684925
1.668263
1.651766
1.635431
1.619259
1.635272
1.651443
1.635112
1.618942
1.602932
1.618784
1.602776
1.586926
1.571233
1.586770
1.602462
1.586615
1.602305
1.618151
1.634152
1.650313
1.633993
1.617834
1.601835
1.617676
1.601679
1.617518
1.601522
1.617359
1.633354
1.617201
1.633194
1.649344
1.665655
1.682127
1.698761
1.681962
1.665329
1.648861
1.665166
1.681633
1.665003
1.681469
1.664841
1.681304
1.697931
1.714721
1.697765
1.714554
1.731509
1.714386
1.697433
1.714218
1.697267
1.680482
1.663864
1.647410
1.663701
1.680154
1.663539
1.647088
1.630800
1.646927
1.663213
1.679661
1.663051
1.679496
1.696105
1.679332
1.695939
1.712710
1.729647
1.712543
1.695607
1.712375
1.695442
1.678675
1.662075
1.678511
1.695110
1.711873
1.728802
1.745898
1.763163
1.745727
1.728464
1.745556
1.762818
1.745386
1.762646
1.780077
1.797680
1.779903
1.797504
1.815279
1.797328
1.815102
1.833052
1.851179
1.869485
1.850998
1.832693
1.814570
1.796625
1.814392
1.832335
1.814215
1.832155
1.850274
1.868571
1.850093
1.868388
1.886865
1.868205
1.886680
1.868023
1.886496
1.867840
1.849369
1.867657
1.849188
1.867475
1.885942
1.867292
1.885758
1.904406
1.923239
1.904220
1.885389
1.866744
1.885205
1.866562
1.885020
1.903661
1.884836
1.903475
1.922299
1.941308
1.960506
1.941118
1.921923
1.902917
1.921735
1.902731
1.883915
1.865284
1.846839
1.828575
1.846658
1.828396
1.846477
1.828218
1.846297
1.828039
1.809961
1.792063
1.774341
1.756795
1.739422
1.756623
1.739251
1.756451
1.739081
1.756279
1.773647
1.791187
1.808900
1.826788
1.808723
1.826609
1.844673
1.862915
1.844492
1.862732
1.844312
1.862550
1.880969
1.862368
1.843951
1.862186
1.843771
1.825538
1.843590
1.825359
1.807308
1.825181
1.843230
1.825002
1.806955
1.824824
1.806778
1.824645
1.842689
1.824467
1.806425
1.824288
1.806248
1.824110
1.842149
1.860366
1.841969
1.823753
1.841788
1.823575
1.805542
1.787687
1.805365
1.823218
1.841248
1.859456
1.841068
1.859274
1.877661
1.896229
1.877477
1.858911
1.840528
1.858729
1.877110
1.858547
1.840168
1.821971
1.839988
1.821792
1.839808
1.858002
1.876376
1.857820
1.876192
1.894746
1.913483
1.932405
1.913296
1.894375
1.875642
1.894190
1.875458
1.894005
1.912735
1.893820
1.912548
1.931461
1.950561
1.931272
1.912174
1.893264
1.911987
1.930894
1.911800
1.892894
1.874175
1.855641
1.837291
1.819122
1.837111
1.818944
1.800956
1.783147
1.765513
1.782972
1.765341
1.782798
1.800428
1.782624
1.800252
1.818055
1.836033
1.817877
1.799900
1.782101
1.799724
1.817521
1.835495
1.817344
1.799372
1.781578
1.799196
1.816988
1.834956
1.853102
1.834777
1.816633
1.834598
1.852740
1.834418
1.816278
1.834239
1.852378
1.834059
1.852196
1.833880
1.852015
1.870330
1.851834
1.870147
1.888641
1.907318
1.926179
1.945227
1.964463
1.983890
1.964271
1.944847
1.964079
1.983502
2.003117
1.983308
2.002921
1.983114
1.963503
1.944086
1.924861
1.905826
1.924673
1.905640
1.886795
1.868136
1.886610
1.867954
1.886426
1.905081
1.923920
1.942946
1.923732
1.942756
1.961967
1.981369
2.000963
1.981176
2.000767
1.980982
2.000572
1.980788
1.961200
1.941806
1.961008
1.941616
1.922415
1.941426
1.960625
1.980013
1.999594
1.979820
1.999398
1.979626
1.960050
1.940667
1.959858
1.979239
1.959666
1.940287
1.921100
1.902102
1.920912
1.901916
1.920724
1.939718
1.958900
1.939528
1.920348
1.939339
1.920161
1.901172
1.882371
1.863757
1.882187
1.863574
1.845145
1.863392
1.844965
1.863210
1.844785
1.826542
1.808479
1.826363
1.844424
1.862663
1.881083
1.899685
1.918471
1.899499
1.880715
1.899314
1.918096
1.937064
1.917908
1.936875
1.917721
1.936685
1.955837
1.975178
1.994711
2.014437
2.034357
2.054475
2.074792
2.095309
2.074589
2.054073
2.074386
2.053872
2.074183
2.094695
2.073980
2.094490
2.115202
2.094285
2.073575
2.094080
2.073372
2.093876
2.073169
2.052668
2.032369
2.052467
2.032170
2.052266
2.031971
2.052065
2.031773
2.051865
2.072156
2.051664
2.071953
2.092443
2.071750
2.051263
2.030978
2.010894
2.030779
2.010697
1.990813
1.971126
1.990618
2.010304
1.990424
1.970740
1.990229
1.970548
1.951061
1.931767
1.912664
1.893749
1.875022
1.893564
1.912290
1.931200
1.912103
1.931011
1.911916
1.930823
1.911729
1.930634
1.949726
1.930445
1.949535
1.930256
1.911168
1.930067
1.949154
1.929879
1.948963
1.968237
1.987700
2.007357
2.027208
2.047255
2.067500
2.047054
2.026811
2.046854
2.026613
2.006572
1.986729
2.006375
2.026217
2.006179
2.026018
2.005983
2.025820
2.045854
2.066085
2.086517
2.107150
2.127988
2.149031
2.127780
2.106738
2.127572
2.106532
2.127363
2.106326
2.127155
2.106120
2.085293
2.064671
2.044254
2.064469
2.044054
2.064267
2.084681
2.105296
2.084477
2.105090
2.125908
2.146931
2.125700
2.146721
2.167950
2.146511
2.167738
2.189174
2.167526
2.188960
2.210607
2.188746
2.210391
2.232249
2.210175
2.232031
2.209959
2.231813
2.209742
2.231595
2.209526
2.231376
2.209310
2.187462
2.209094
2.230940
2.208878
2.187035
2.165407
2.143993
2.122791
2.101799
2.122584
2.143574
2.122376
2.143364
2.122169
2.143155
2.121961
2.100977
2.080200
2.100772
2.079997
2.100566
2.121339
2.100361
2.121131
2.100155
2.079387
2.058824
2.038464
2.018306
1.998347
1.978585
1.959019
1.978392
1.997956
2.017714
2.037667
2.057817
2.078167
2.057616
2.077964
2.057415
2.077761
2.057214
2.036870
2.057012
2.077354
2.097897
2.118643
2.139595
2.118436
2.139385
2.160542
2.139176
2.118022
2.138967
2.160119
2.138758
2.159908
2.138549
2.117400
2.096462
2.117193
2.138130
2.159274
2.137921
2.159063
2.137712
2.116572
2.137503
2.116365
2.137294
2.158430
2.179775
2.201330
2.223099
2.201115
2.179348
2.200900
2.179135
2.200685
2.222447
2.244425
2.222230
2.244205
2.266398
2.288811
2.266177
2.288587
2.265955
2.288363
2.310993
2.288139
2.265512
2.243108
2.220926
2.242889
2.220709
2.242670
2.264847
2.242450
2.220275
2.242231
2.264404
2.286797
2.264183
2.241792
2.263962
2.286350
2.263740
2.286126
2.263519
2.241135
2.218972
2.197029
2.218755
2.240697
2.262855
2.285232
2.262633
2.285009
2.307605
2.330425
2.353471
2.330197
2.307154
2.284338
2.306928
2.284115
2.261527
2.283892
2.306477
2.329286
2.352320
2.375582
2.399074
2.375350
2.398840
2.375118
2.351630
2.328375
2.351400
2.328147
2.351170
2.374421
2.397901
2.421614
2.397667
2.373956
2.350480
2.327236
2.350251
2.373492
2.350021
2.373260
2.396729
2.420430
2.444366
2.468538
2.492950
2.517603
2.542499
2.517356
2.542251
2.517110
2.492219
2.467573
2.443171
2.467332
2.442932
2.467090
2.442693
2.418538
2.442454
2.418301
2.442216
2.466367
2.490757
2.515388
2.490513
2.515142
2.540014
2.514896
2.490026
2.465402
2.441022
2.416882
2.440783
2.416646
2.392748
2.369086
2.345658
2.368854
2.392280
2.368623
2.392046
2.415701
2.439590
2.415465
2.439351
2.463474
2.487835
2.463233
2.487592
2.512192
2.537035
2.511946
2.536787
2.561873
2.587207
2.612792
2.638630
2.664724
2.691075
2.717687
2.690812
2.717421
2.690549
2.663942
2.637598
2.663681
2.637340
2.611260
2.585437
2.611004
2.636824
2.662900
2.689233
2.662640
2.688970
2.662379
2.636051
2.662119
2.688444
2.661858
2.688182
2.661598
2.687919
2.714500
2.687656
2.661078
2.634762
2.608707
2.634505
2.660557
2.686867
2.660297
2.633989
2.607942
2.633732
2.659777
2.686079
2.659517
2.685817
2.659257
2.632959
2.658996
2.685291
2.658736
2.632444
2.658476
2.632187
2.606157
2.580385
2.605902
2.631672
2.657697
2.631415
2.657437
2.683716
2.710255
2.737057
2.764124
2.791458
2.819063
2.846941
2.818787
2.790912
2.763313
2.735987
2.763043
2.790366
2.817960
2.790094
2.762502
2.789821
2.817409
2.845271
2.873407
2.844992
2.816858
2.789002
2.761422
2.734114
2.707077
2.733847
2.760882
2.788184
2.760612
2.733312
2.760342
2.733045
2.760072
2.732778
2.705753
2.678996
2.652503
2.678734
2.652244
2.626016
2.651985
2.678210
2.651725
2.625502
2.599539
2.625246
2.651207
2.677424
2.703901
2.677163
2.703637
2.676901
2.703373
2.676639
2.650170
2.623962
2.649911
2.623706
2.649651
2.675854
2.649392
2.623192
2.649133
2.622936
2.648874
2.622679
2.648615
2.622423
2.648356
2.674546
2.700994
2.674284
2.647838
2.674023
2.700466
2.727171
2.754140
2.781376
2.753871
2.726638
2.699674
2.726371
2.699410
2.672715
2.699146
2.672454
2.646026
2.619860
2.645767
2.671931
2.698354
2.725038
2.751986
2.779200
2.806684
2.834439
2.862469
2.890776
2.862189
2.890493
2.919077
2.890211
2.861629
2.889928
2.861349
2.833054
2.861070
2.889363
2.917936
2.946791
2.975932
3.005361
3.035081
3.005067
2.975350
3.004773
3.034487
3.004479
3.034191
3.064196
3.094497
3.125099
3.156003
3.187213
3.155694
3.124488
3.155386
3.124182
3.155077
3.186278
3.217787
3.249608
3.217472
3.249290
3.217158
3.185343
3.153843
3.122655
3.153535
3.184720
3.153226
3.122044
3.152918
3.184097
3.215585
3.183786
3.152301
3.183475
3.151993
3.120823
3.089961
3.059405
3.029150
2.999195
3.028854
3.058806
3.089055
3.058507
3.088753
3.119297
3.088451
3.057909
3.027669
3.057610
3.087847
3.057311
3.027077
2.997142
3.026781
2.996849
3.026485
2.996556
3.026189
3.056115
3.086337
3.055816
3.025597
2.995677
2.966053
2.936722
2.965763
2.936435
2.965473
2.936147
2.965183
2.994506
2.964893
2.994213
3.023823
2.993920
2.964313
2.993627
2.964023
2.993334
3.022936
3.052829
3.022640
2.992749
3.022344
3.052232
3.022049
3.051934
3.021753
3.051635
3.021458
3.051337
3.021162
3.051039
3.081210
3.050740
3.080909
3.050442
3.080608
3.050144
3.019981
3.049845
3.019685
2.989824
3.019390
3.049249
3.079403
3.109855
3.079102
3.109551
3.078801
3.109247
3.139994
3.108943
3.078198
3.047758
3.077897
3.047460
3.077596
3.108031
3.138766
3.169805
3.138459
3.169495
3.138152
3.169185
3.200525
3.232175
3.264138
3.231859
3.199899
3.231543
3.263500
3.231227
3.263181
3.295450
3.262862
3.230595
3.262543
3.230279
3.198335
3.229964
3.261905
3.229648
3.197710
3.166087
3.134778
3.165778
3.197084
3.228700
3.196772
3.228384
3.196459
3.164849
3.133552
3.164540
3.133246
3.164230
3.195521
3.163921
3.132633
3.163611
3.132326
3.163302
3.132020
3.162993
3.194272
3.162683
3.131408
3.100441
3.069781
3.039424
3.009367
3.039127
3.069180
3.038829
3.008778
3.038532
3.008484
2.978733
3.008190
2.978442
3.007896
2.978151
2.948700
2.919540
2.890669
2.919255
2.890386
2.861803
2.833503
2.861523
2.833226
2.861243
2.889538
2.860963
2.889256
2.860684
2.832394
2.804385
2.832117
2.860124
2.888408
2.916971
2.888126
2.859565
2.831287
2.859285
2.831010
2.803014
2.775295
2.802740
2.830456
2.858446
2.830179
2.858167
2.829902
2.857887
2.829626
2.857608
2.829349
2.857328
2.885585
2.914120
2.885302
2.913835
2.885020
2.856490
2.828242
2.856211
2.827966
2.855932
2.827689
2.855652
2.827413
2.799452
2.771769
2.744359
2.717220
2.690349
2.663744
2.637403
2.611321
2.585498
2.559930
2.534615
2.559680
2.584992
2.559429
2.584739
2.610300
2.636113
2.662182
2.688508
2.661921
2.635598
2.661661
2.687982
2.661401
2.687719
2.661140
2.687457
2.660880
2.634567
2.660620
2.686931
2.660360
2.686668
2.660100
2.686405
2.712971
2.686143
2.712706
2.685880
2.659319
2.685617
2.712175
2.738996
2.766082
2.738728
2.765812
2.793163
2.820784
2.848679
2.820508
2.848400
2.876568
2.848122
2.876287
2.904731
2.933455
2.904446
2.875724
2.847286
2.875443
2.847008
2.875162
2.903594
2.874881
2.903311
2.932021
2.961016
2.990298
3.019869
2.990005
3.019573
2.989713
2.960148
2.989420
3.018983
3.048837
3.018688
3.048539
3.078686
3.048241
3.018097
2.988251
2.958700
2.987959
3.017507
2.987667
2.958122
2.928869
2.957832
2.987082
2.957543
2.986790
2.957254
2.986498
2.956965
2.986206
2.956676
2.985914
2.956386
2.927151
2.898204
2.869544
2.897921
2.926578
2.955519
2.926292
2.897354
2.926006
2.954941
2.925720
2.896787
2.868141
2.896504
2.867861
2.896221
2.867580
2.895938
2.867300
2.895654
2.867019
2.838667
2.866739
2.895088
2.923718
2.894805
2.923432
2.894522
2.865898
2.837557
2.865618
2.893956
2.865337
2.893673
2.922288
2.951187
2.980371
2.950898
2.980080
2.950610
2.979788
2.950321
2.979497
2.950033
2.979205
3.008667
3.038419
3.068466
3.038122
3.008078
2.978331
2.948879
2.978040
3.007490
3.037231
3.067266
3.097598
3.128231
3.097296
3.127925
3.158857
3.190095
3.221642
3.253500
3.285674
3.253182
3.221011
3.252864
3.220696
3.252546
3.220382
3.252228
3.220067
3.188223
3.219752
3.187912
3.219437
3.251274
3.283426
3.250956
3.218807
3.186976
3.155460
3.186665
3.155152
3.186353
3.154843
3.123645
3.092755
3.062171
3.031889
3.001907
2.972221
2.942829
2.913727
2.884913
2.856384
2.884631
2.913157
2.941965
2.971059
2.941678
2.912588
2.941390
2.970477
2.999853
3.029518
2.999559
3.029222
3.059178
3.089430
3.058879
3.089128
3.058579
3.028333
3.058280
3.088524
3.057981
3.088222
3.057682
3.087920
3.118456
3.087618
3.118151
3.087316
3.056785
3.026557
3.056486
3.086712
3.117236
3.086410
3.055889
3.025669
2.995748
3.025373
2.995455
2.965833
2.995162
2.965543
2.936217
2.965253
2.935930
2.964963
2.935643
2.906612
2.935355
2.906328
2.935068
2.964093
2.993405
2.963803
2.993112
3.022711
2.992820
3.022416
3.052304
3.082489
3.052006
3.021825
2.991942
3.021529
2.991649
3.021234
2.991357
3.020938
2.991064
3.020643
3.050514
3.020347
2.990479
2.960906
2.931626
2.960617
2.931339
2.960327
2.989602
3.019166
2.989310
3.018871
3.048724
3.018576
3.048426
3.018280
2.988433
3.017985
2.988140
2.958591
2.929333
2.958301
2.929047
2.900081
2.928760
2.899798
2.871122
2.899514
2.870841
2.842451
2.870560
2.842173
2.814067
2.841895
2.813792
2.785966
2.813517
2.841339
2.869437
2.841062
2.812966
2.840784
2.812691
2.840506
2.812416
2.840228
2.868315
2.839950
2.811866
2.784060
2.811591
2.783787
2.811316
2.839117
2.811041
2.838840
2.866913
2.895264
2.923895
2.952809
2.923609
2.894698
2.866072
2.894415
2.923037
2.894131
2.922752
2.893848
2.922466
2.951366
2.922180
2.951077
2.980261
2.950789
2.979969
2.950500
2.979678
3.009144
2.979386
3.008849
2.979095
3.008555
3.038307
3.068353
3.098696
3.129339
3.098393
3.129033
3.159976
3.128727
3.097787
3.067153
3.036821
3.066853
3.097181
3.127809
3.158740
3.127503
3.158431
3.127197
3.158122
3.189353
3.220892
3.189041
3.220577
3.252425
3.284589
3.317070
3.284267
3.251789
3.219632
3.187793
3.156269
3.125057
3.094153
3.063555
3.033260
3.063256
3.032963
3.002970
3.032666
3.002676
2.972983
2.943583
2.972692
2.943295
2.914189
2.885371
2.856837
2.885088
2.856558
2.828309
2.800340
2.772648
2.745229
2.772376
2.799792
2.772105
2.799519
2.771834
2.744424
2.771563
2.744155
2.717018
2.690150
2.663547
2.689887
2.716487
2.743350
2.770479
2.797876
2.770208
2.797603
2.769937
2.797329
2.769666
2.797056
2.769396
2.742009
2.714893
2.741741
2.768854
2.796235
2.768583
2.741205
2.768312
2.795688
2.768042
2.740669
2.767771
2.740401
2.713301
2.686469
2.713035
2.739865
2.712770
2.685943
2.712505
2.739329
2.712240
2.739061
2.711974
2.738793
2.765877
2.738525
2.765606
2.792956
2.765336
2.737990
2.765066
2.792409
2.820023
2.792136
2.764525
2.791863
2.819472
2.791590
2.819196
2.847075
2.875230
2.903663
2.932377
2.903379
2.932091
2.903095
2.874386
2.845962
2.817818
2.789953
2.817542
2.845405
2.873543
2.845127
2.873262
2.901676
2.872981
2.844570
2.872700
2.901108
2.872419
2.900825
2.872139
2.843736
2.815614
2.843458
2.815339
2.843180
2.871296
2.842902
2.814788
2.786953
2.814513
2.786680
2.814238
2.842068
2.870173
2.841790
2.869892
2.898273
2.869612
2.841234
2.813137
2.840956
2.869050
2.897422
2.926075
2.955011
2.925789
2.896856
2.925503
2.896573
2.867928
2.896289
2.867648
2.896006
2.924645
2.895723
2.924359
2.953278
2.982483
2.952989
2.982191
3.011682
3.041464
3.071541
3.101916
3.071241
3.040869
3.010798
3.040572
3.070640
3.040275
3.070340
3.100703
3.070040
3.100399
3.069740
3.039383
3.069439
3.039086
3.009032
2.979276
2.949814
2.920643
2.949525
2.978693
2.949237
2.920072
2.948948
2.919786
2.890913
2.919501
2.890630
2.919215
2.890347
2.861764
2.833464
2.861485
2.833187
2.805170
2.777430
2.749964
2.777158
2.749695
2.722503
2.749426
2.776615
2.749157
2.721971
2.695053
2.721704
2.748619
2.775800
2.803250
2.830972
2.858967
2.887239
2.858688
2.830418
2.858408
2.830141
2.858128
2.886392
2.857849
2.886110
2.914651
2.943474
2.972582
3.001978
2.972291
3.001684
2.972001
3.001391
3.031071
3.001097
2.971419
2.942035
2.912941
2.884135
2.912656
2.941460
2.912371
2.941172
2.970257
2.940884
2.969967
2.940597
2.911517
2.940309
2.969386
2.940022
2.969095
2.998457
2.968805
2.939447
2.968515
2.939159
2.910094
2.938872
2.967934
2.938584
2.909525
2.938297
2.967354
2.996698
3.026332
3.056260
3.026036
3.055961
3.025740
2.995819
2.966193
2.936861
2.907818
2.879063
2.907534
2.878781
2.850313
2.878499
2.906965
2.935712
2.964743
2.935425
2.906396
2.935138
2.906112
2.934851
2.905828
2.934564
2.905544
2.934277
2.963294
2.933990
2.963004
2.933703
2.962714
2.992013
2.962425
2.933129
2.962135
2.991427
2.961845
2.991135
3.020714
2.990842
3.020419
3.050288
3.080452
3.049989
3.080151
3.110610
3.141371
3.110306
3.079548
3.110002
3.140757
3.109698
3.078946
3.109394
3.078645
3.109090
3.078344
3.108786
3.078043
3.108482
3.139221
3.170265
3.138914
3.107874
3.138607
3.107570
3.138300
3.107266
3.137994
3.106962
3.076237
3.045816
3.075936
3.045518
3.075636
3.045221
3.015106
3.044923
3.014812
3.044625
3.014517
2.984706
3.014222
3.044030
3.074132
3.104532
3.135233
3.104228
3.073531
3.043137
3.073230
3.042839
3.012748
3.042541
3.012454
3.042244
3.072329
3.102711
3.072028
3.041649
3.011570
3.041351
3.011276
2.981497
2.952013
2.981206
3.010687
3.040459
3.010392
3.040162
3.010098
2.980331
3.009803
3.039567
3.069626
3.039270
3.009215
3.038973
3.069025
3.099375
3.130025
3.160977
3.129719
3.098769
3.129413
3.160359
3.191612
3.223174
3.191300
3.222859
3.254730
3.222544
3.254411
3.222228
3.190364
3.158814
3.190052
3.158505
3.189740
3.221283
3.253138
3.285309
3.252820
3.284987
3.317473
3.284666
3.252184
3.220023
3.188180
3.219708
3.251548
3.219394
3.251230
3.219079
3.187245
3.155727
3.186934
3.155418
3.186622
3.218134
3.186310
3.154801
3.123603
3.154492
3.123298
3.154184
3.185376
3.216876
3.185064
3.216561
3.248370
3.280493
3.248052
3.215932
3.247734
3.279851
3.312286
3.279531
3.311962
3.344714
3.311638
3.278889
3.246464
3.214360
3.182573
3.151101
3.119939
3.089086
3.058538
3.088784
3.119329
3.088482
3.057940
3.088180
3.057641
3.087878
3.057342
3.027108
3.057043
3.087274
3.056744
3.026516
3.056445
3.026220
3.056146
3.086369
3.116890
3.147713
3.178840
3.147405
3.178529
3.147097
3.178219
3.209648
3.241388
3.273442
3.305813
3.338505
3.305490
3.338178
3.371189
3.404527
3.438194
3.404194
3.370530
3.337199
3.304197
3.336873
3.369871
3.336546
3.303551
3.270882
3.303228
3.335894
3.302905
3.335567
3.368553
3.335241
3.302259
3.269603
3.301936
3.269283
3.301613
3.334263
3.367235
3.400534
3.366906
3.333611
3.300645
3.268005
3.235687
3.267685
3.299999
3.332633
3.365589
3.332307
3.365260
3.398539
3.432147
3.398207
3.364602
3.397874
3.431476
3.465410
3.431141
3.397210
3.430805
3.464732
3.498995
3.533596
3.498653
3.533251
3.498311
3.463716
3.497969
3.463377
3.429128
3.463038
3.428792
3.394885
3.361313
3.394553
3.360984
3.327748
3.294839
3.327422
3.294517
3.261938
3.294195
3.261619
3.229365
3.261300
3.229049
3.197117
3.228733
3.260662
3.292907
3.325470
3.358356
3.391567
3.358027
3.324820
3.291941
3.324495
3.357371
3.390572
3.357042
3.390240
3.356714
3.389909
3.423431
3.457286
3.491475
3.526002
3.560871
3.596084
3.631646
3.667559
3.703828
3.740455
3.703465
3.666842
3.630580
3.666483
3.630225
3.666125
3.629870
3.593975
3.558434
3.523244
3.558086
3.593272
3.557738
3.522555
3.487721
3.453231
3.487380
3.452893
3.418747
3.452555
3.418413
3.452218
3.418079
3.451880
3.417745
3.383946
3.350483
3.383616
3.417076
3.450868
3.484993
3.519456
3.484652
3.450193
3.416074
3.449855
3.415740
3.449518
3.483630
3.449181
3.415072
3.448843
3.414738
3.380969
3.347535
3.380639
3.347208
3.380308
3.346880
3.379977
3.346553
3.379647
3.413068
3.446820
3.480906
3.446483
3.412401
3.446146
3.480225
3.445809
3.411733
3.445472
3.479544
3.513953
3.479204
3.513610
3.478864
3.444461
3.410399
3.444124
3.478183
3.443788
3.477843
3.512236
3.546968
3.511892
3.546621
3.511549
3.546274
3.581344
3.616759
3.652526
3.616406
3.652168
3.688285
3.724758
3.761592
3.798791
3.836357
3.798419
3.760857
3.798048
3.835607
3.797676
3.835232
3.873158
3.911460
3.872779
3.834481
3.872401
3.910695
3.872022
3.910312
3.871643
3.909930
3.871265
3.909548
3.870886
3.909165
3.947823
3.908783
3.947437
3.986473
4.025895
3.986083
4.025502
4.065310
4.025108
4.064912
4.105110
4.145706
4.104709
4.145300
4.104307
4.063720
4.103906
4.063322
4.103505
4.062925
4.022747
4.062528
4.102702
4.143274
4.102301
4.142869
4.183837
4.225211
4.266994
4.224798
4.183019
4.224385
4.266160
4.223972
4.265743
4.307927
4.265326
4.223146
4.264908
4.222733
4.264491
4.222320
4.180565
4.139224
4.098291
4.057763
4.097890
4.138414
4.097489
4.056969
4.016850
3.977127
3.937798
3.898857
3.860301
3.822126
3.859923
3.898094
3.936642
3.975572
4.014886
4.054589
4.094685
4.135178
4.094285
4.053797
4.013709
4.053400
4.013316
3.973628
4.012924
4.052607
4.092684
4.133156
4.092283
4.051815
4.091883
4.051419
4.011354
3.971686
4.010962
3.971297
4.010570
3.970909
3.931641
3.892761
3.854265
3.816150
3.778412
3.741048
3.778043
3.815404
3.853135
3.815031
3.852758
3.814658
3.852381
3.890477
3.852004
3.813912
3.851628
3.813539
3.775827
3.738488
3.701518
3.664913
3.701156
3.737756
3.700794
3.664197
3.700432
3.663838
3.700070
3.663480
3.699708
3.736295
3.773243
3.735929
3.772874
3.735564
3.772505
3.735198
3.772136
3.734833
3.697899
3.661331
3.625124
3.660973
3.697176
3.733738
3.696815
3.660257
3.624061
3.588222
3.623706
3.587871
3.623352
3.659183
3.695369
3.731912
3.695007
3.731547
3.694646
3.658110
3.694285
3.730818
3.767712
3.730453
3.767343
3.804598
3.842222
3.880218
3.918589
3.957340
3.996474
4.035995
4.075907
4.116214
4.156919
4.198027
4.156513
4.115409
4.074712
4.034417
4.074313
4.034022
4.073915
4.114202
4.073516
4.033233
4.073118
4.113397
4.072720
4.032445
3.992568
4.032050
4.071923
4.112191
4.071525
4.111788
4.152450
4.193513
4.234983
4.193103
4.234569
4.192693
4.234155
4.276026
4.318312
4.275608
4.317890
4.275190
4.317467
4.274772
4.317045
4.274354
4.232085
4.190234
4.231671
4.189824
4.231257
4.273100
4.230843
4.189005
4.147580
4.106564
4.147174
4.106163
4.065557
4.105761
4.065159
4.024959
3.985156
3.945747
3.906727
3.868094
3.906345
3.944975
3.983987
3.944589
3.983597
3.944203
3.983208
3.943818
3.904817
3.943432
3.982429
4.021811
3.982039
4.021418
4.061185
4.021024
3.981260
3.941890
3.902908
3.864313
3.826098
3.863935
3.825724
3.863557
3.901764
3.940348
3.979314
3.939963
3.901000
3.939577
3.900619
3.862046
3.900238
3.938807
3.899856
3.938422
3.977369
3.938037
3.899093
3.860535
3.822358
3.784559
3.821985
3.859780
3.897950
3.859403
3.821237
3.859025
3.897187
3.858648
3.896806
3.935342
3.974258
4.013560
4.053250
4.013167
4.052853
4.012775
3.973092
4.012382
3.972704
4.011990
4.051664
4.011598
4.051268
4.011205
4.050872
4.010813
4.050476
4.090531
4.050080
4.010029
4.049684
4.009636
4.049288
4.009244
3.969597
3.930342
3.891474
3.929957
3.891094
3.852615
3.814516
3.776795
3.739446
3.702466
3.665853
3.702104
3.665494
3.701742
3.738349
3.775317
3.812652
3.850355
3.812279
3.849978
3.811906
3.774210
3.811533
3.773841
3.736521
3.773472
3.810788
3.848473
3.810415
3.848096
3.886150
3.924580
3.885770
3.847344
3.809297
3.846967
3.885010
3.923429
3.884630
3.846215
3.808180
3.845839
3.883870
3.922278
3.961065
4.000236
4.039795
4.079744
4.120089
4.079345
4.039005
4.078946
4.038610
4.078547
4.118880
4.078149
4.118477
4.159205
4.118075
4.077351
4.037030
4.076952
4.036635
3.996717
4.036241
3.996326
4.035846
3.995935
3.956420
3.917294
3.956033
3.916911
3.878177
3.839826
3.877798
3.916145
3.954872
3.993982
3.954485
3.915379
3.876660
3.838324
3.800367
3.762785
3.725575
3.688733
3.725210
3.762049
3.799252
3.836823
3.874765
3.913083
3.874386
3.912700
3.951393
3.990468
4.029930
4.069782
4.110028
4.069384
4.109626
4.150266
4.109224
4.068588
4.028354
3.988517
4.027960
3.988127
3.948689
3.987737
4.027172
3.987347
4.026778
4.066599
4.026384
4.066201
4.025991
3.986177
3.946758
3.985788
3.946372
3.907347
3.868707
3.830449
3.868328
3.906582
3.945215
3.984229
4.023629
4.063418
4.023235
4.063021
4.022842
3.983060
3.943672
3.982671
3.943286
3.982281
3.942900
3.981892
4.021269
3.981502
4.020875
4.060638
4.020482
4.060241
4.020089
3.980334
4.019696
4.059447
4.099590
4.140131
4.099189
4.058653
4.018517
3.978777
3.939431
3.978388
4.017731
3.977999
3.938661
3.977610
3.938276
3.977221
4.016552
3.976832
4.016159
4.055875
4.015767
3.976055
3.936735
3.975666
3.936350
3.897424
3.858882
3.820722
3.858505
3.896662
3.858128
3.896281
3.934811
3.895900
3.857373
3.819227
3.856996
3.818854
3.856619
3.818480
3.856241
3.894376
3.932887
3.893995
3.932503
3.971391
4.010664
4.050326
4.010272
3.970614
4.009880
4.049534
4.009488
3.969838
4.009096
4.048742
4.008704
3.969062
3.929811
3.890950
3.929427
3.968285
3.929043
3.967897
3.928659
3.967509
3.928274
3.967121
4.006352
4.045971
4.085981
4.126388
4.085582
4.045180
4.005177
4.044784
4.004785
3.965182
3.925970
3.887146
3.848706
3.886766
