3460.055000
4666.945892
2854.075847
3552.920584
4199.226567
9245.262172
16260.597848
30958.578344
49604.682128
107336.046708
142329.804894
144102.063072
-27742.291120
-15932.392736
-8374.264908
-10352.958865
-17911.452971
-39585.199769
-54600.409030
-43732.981238
-52174.374110
-100971.500369
-142012.875323
-245340.021363
-400553.735783
-762160.902332
-876392.872686
-1364997.771989
-1314700.324633
-1501860.159358
-1076244.733983
-1089303.973513
-842837.928115
-1157284.244016
-1702499.665630
-2239144.737808
-2098305.666550
-2278584.617880
-2384053.349284
-2477801.362181
-2507001.734601
-3166137.741472
-5237028.973367
-6704198.827624
-8355104.731325
-16915995.268491
-27542343.006364
-29688922.099396
-39999125.786472
-76962013.863514
-121427172.530088
-197644362.608968
