3729.036216
3439.144669
3706.500337
3994.639966
4305.179283
4639.859615
5000.557662
5389.296014
5808.254496
6259.782393
6746.411616
6221.952324
5738.263972
5292.177069
5703.585622
6146.976665
6624.836484
7139.844647
6584.800264
7096.696052
7648.386106
8242.963994
8883.763772
9574.378684
10318.681308
11120.845274
11985.368665
11053.638090
11912.936862
10986.837063
11840.942790
10920.439738
11769.383803
12684.323930
13670.390588
12607.668094
13587.775604
14644.075692
15782.491492
17009.406598
18331.700858
19756.788951
21292.661967
22947.932216
24731.881519
26654.513256
28726.608462
30959.786277
33366.569103
35960.452818
38755.982460
