1  0.000377
2  0.000753
3  0.001124
4  0.001508
5  0.001881
6  0.002252
7  0.002623
8  0.003012
9  0.003375
10  0.003743
11  0.004125
12  0.004509
13  0.004885
14  0.005283
15  0.005655
16  0.006056
17  0.006426
18  0.006732
19  0.007174
20  0.007461
21  0.007976
22  0.008230
23  0.008634
24  0.009123
25  0.009433
26  0.009817
27  0.010222
28  0.010536
29  0.010988
30  0.011313
31  0.011703
32  0.011992
33  0.012323
34  0.012811
35  0.013178
36  0.013412
37  0.013882
38  0.014258
39  0.014688
40  0.015126
41  0.015675
42  0.015726
43  0.016186
44  0.016406
45  0.017014
46  0.017332
47  0.017829
48  0.018212
49  0.018458
50  0.018735
51  0.018970
52  0.019793
53  0.019931
54  0.020465
55  0.020538
56  0.021094
57  0.021130
58  0.021961
59  0.022038
60  0.022110
61  0.022977
62  0.023359
63  0.023426
64  0.023726
65  0.024410
66  0.024354
67  0.025231
68  0.025866
69  0.025301
70  0.025978
71  0.026629
72  0.026534
73  0.026879
74  0.027623
75  0.027940
76  0.028637
77  0.028221
78  0.029265
79  0.029421
80  0.030167
81  0.030288
82  0.030700
83  0.030756
84  0.031298
85  0.031545
86  0.032006
87  0.032597
88  0.032967
89  0.033187
90  0.033152
91  0.034659
92  0.033945
93  0.034047
94  0.034307
95  0.035369
96  0.035944
97  0.036754
98  0.036742
99  0.037799
100  0.038015
