1  0.509417
2  0.259563
3  0.513150
4  0.325902
5  0.516317
6  0.357254
7  0.521025
8  0.384501
9  0.520372
10  0.399360
11  0.523286
12  0.410033
13  0.528474
14  0.421357
15  0.528653
16  0.433966
17  0.533212
18  0.442991
19  0.534017
20  0.446326
21  0.530738
22  0.450491
23  0.536043
24  0.460394
25  0.540757
26  0.461338
27  0.537270
28  0.469754
29  0.541481
30  0.474495
31  0.545173
32  0.478660
33  0.555458
34  0.478458
35  0.543884
36  0.476351
37  0.545028
38  0.489610
39  0.553446
40  0.493998
41  0.547717
42  0.485154
43  0.550043
44  0.489437
45  0.556423
46  0.496778
47  0.556426
48  0.496799
49  0.552288
50  0.496499
51  0.555102
52  0.503295
53  0.556380
54  0.508646
55  0.564930
56  0.508778
57  0.555513
58  0.511799
59  0.571035
60  0.503001
61  0.566314
62  0.511993
63  0.567886
64  0.522203
65  0.555941
66  0.517834
67  0.571301
68  0.519510
69  0.566298
70  0.522653
71  0.567504
72  0.516811
73  0.559182
74  0.522211
75  0.563782
76  0.525355
77  0.577812
78  0.521852
79  0.566684
80  0.524013
81  0.570270
82  0.525711
83  0.567553
84  0.534753
85  0.566648
86  0.526678
87  0.573999
88  0.535526
89  0.586698
90  0.530931
91  0.578021
92  0.527931
93  0.585351
94  0.538896
95  0.589727
96  0.543242
97  0.578641
98  0.531720
99  0.570674
100  0.541027
