1  0.020000
2  0.028306
3  0.034504
4  0.040086
5  0.044771
6  0.048955
7  0.052893
8  0.056777
9  0.060044
10  0.063156
11  0.066475
12  0.069495
13  0.072357
14  0.075538
15  0.077995
16  0.080869
17  0.083239
18  0.084868
19  0.087924
20  0.089133
21  0.092957
22  0.093945
23  0.096197
24  0.099560
25  0.100859
26  0.103172
27  0.105487
28  0.106832
29  0.109223
30  0.110710
31  0.112528
32  0.113521
33  0.115044
34  0.118026
35  0.119495
36  0.120124
37  0.122942
38  0.124209
39  0.126700
40  0.128521
41  0.131573
42  0.130455
43  0.133012
44  0.133557
45  0.136587
46  0.137829
47  0.140200
48  0.142287
49  0.142533
50  0.143414
51  0.143768
52  0.148793
53  0.147986
54  0.150656
55  0.149975
56  0.153448
57  0.152462
58  0.156378
59  0.155477
60  0.155263
61  0.160311
62  0.161401
63  0.160667
64  0.161427
65  0.165119
66  0.163604
67  0.167612
68  0.171120
69  0.166864
70  0.169185
71  0.172822
72  0.171226
73  0.172714
74  0.176265
75  0.176898
76  0.180174
77  0.176500
78  0.182255
79  0.182598
80  0.185702
81  0.185522
82  0.186245
83  0.186428
84  0.187260
85  0.188583
86  0.190621
87  0.193526
88  0.194372
89  0.194227
90  0.192729
91  0.199813
92  0.194853
93  0.195299
94  0.193969
95  0.200309
96  0.203033
97  0.206360
98  0.206276
99  0.211224
100  0.209681
