1  0.509401
2  0.513281
3  0.516281
4  0.518800
5  0.521018
6  0.523031
7  0.524825
8  0.526570
9  0.528171
10  0.529725
11  0.531119
12  0.532559
13  0.533877
14  0.535116
15  0.536417
16  0.537623
17  0.538813
18  0.539902
19  0.541077
20  0.542124
21  0.543246
22  0.544144
23  0.545242
24  0.546172
25  0.547142
26  0.548021
27  0.548975
28  0.549794
29  0.550773
30  0.551576
31  0.552534
32  0.553311
33  0.554095
34  0.554953
35  0.555794
36  0.556584
37  0.557202
38  0.558082
39  0.558773
40  0.559583
41  0.560442
42  0.561197
43  0.561850
44  0.562393
45  0.563195
46  0.563903
47  0.564683
48  0.565208
49  0.565936
50  0.566498
51  0.567214
52  0.567778
53  0.568541
54  0.569224
55  0.569744
56  0.570224
57  0.570846
58  0.571612
59  0.572258
60  0.572773
61  0.573319
62  0.574038
63  0.574455
64  0.575177
65  0.575758
66  0.576339
67  0.576887
68  0.577315
69  0.577822
70  0.578440
71  0.579077
72  0.579647
73  0.580126
74  0.580548
75  0.581178
76  0.581838
77  0.582127
78  0.582690
79  0.583341
80  0.583797
81  0.584358
82  0.584912
83  0.585488
84  0.585831
85  0.586305
86  0.586880
87  0.587411
88  0.587900
89  0.588254
90  0.588830
91  0.589267
92  0.589995
93  0.590407
94  0.590984
95  0.591373
96  0.591926
97  0.592293
98  0.592744
99  0.593253
100  0.593641
