1  0.019997
2  0.028296
3  0.034486
4  0.040058
5  0.044732
6  0.048904
7  0.052829
8  0.056699
9  0.059951
10  0.063047
11  0.066349
12  0.069351
13  0.072195
14  0.075357
15  0.077794
16  0.080647
17  0.082996
18  0.084606
19  0.087637
20  0.088826
21  0.092621
22  0.093591
23  0.095816
24  0.099149
25  0.100425
26  0.102712
27  0.105000
28  0.106322
29  0.108679
30  0.110141
31  0.111930
32  0.112898
33  0.114395
34  0.117342
35  0.118780
36  0.119387
37  0.122171
38  0.123403
39  0.125862
40  0.127645
41  0.130654
42  0.129521
43  0.132042
44  0.132565
45  0.135544
46  0.136756
47  0.139084
48  0.141139
49  0.141356
50  0.142209
51  0.142535
52  0.147496
53  0.146663
54  0.149287
55  0.148589
56  0.152019
57  0.151019
58  0.154858
59  0.153937
60  0.153711
61  0.158688
62  0.159734
63  0.158984
64  0.159708
65  0.163340
66  0.161817
67  0.165739
68  0.169192
69  0.164973
70  0.167218
71  0.170799
72  0.169198
73  0.170651
74  0.174131
75  0.174721
76  0.177929
77  0.174274
78  0.179936
79  0.180259
80  0.183284
81  0.183083
82  0.183748
83  0.183925
84  0.184678
85  0.185978
86  0.187968
87  0.190816
88  0.191612
89  0.191428
90  0.189913
91  0.196844
92  0.191932
93  0.192368
94  0.190970
95  0.197225
96  0.199890
97  0.203127
98  0.203043
99  0.207883
100  0.206275
