0.821164
0.799756
0.984880
1.103522
1.275371
1.111711
0.995150
0.895838
0.952361
1.032756
1.318348
1.135267
1.316965
1.850934
2.125280
2.454845
3.034496
3.480258
3.955654
4.751050
5.163070
5.282555
4.838177
6.444010
8.400890
8.719722
6.705195
6.999865
6.154282
6.878331
7.973476
5.393827
5.329104
7.034743
9.453563
7.509894
9.576559
10.330176
10.541391
9.916998
10.347827
12.818798
12.918135
7.890639
9.650890
10.948492
9.351177
9.390647
7.293732
6.139784
8.011763
6.856414
8.497206
8.825606
9.647734
9.251484
12.302690
10.549585
10.959375
9.108031
9.245123
12.622672
13.426654
18.527386
18.618732
16.592703
15.526075
22.808785
15.300985
12.907665
18.173601
22.305180
17.710822
16.672373
17.585935
23.481291
28.867336
32.989097
35.738991
43.552022
44.218915
49.676313
53.411662
53.928371
68.162194
53.659104
68.105361
70.508476
89.291221
76.696133
73.092817
95.201593
91.723977
107.960353
77.210402
74.652151
81.630939
96.510663
57.022897
40.448593
49.159701
63.844370
85.902660
93.766917
97.968750
122.432741
143.705654
148.610883
128.561887
94.358237
110.496584
113.993133
122.090886
112.104997
109.088401
114.243339
134.638168
145.092088
157.284549
229.658875
235.780077
292.288112
371.532280
442.664612
421.320535
293.279793
397.998042
536.266026
559.730758
488.165124
570.713083
412.626553
518.927803
590.624227
558.666620
582.163487
759.083432
821.956531
804.455662
903.554319
900.759710
1109.876518
824.728885
674.334009
821.703905
1196.760201
1551.928595
1820.735029
2350.302662
2620.927241
2273.751326
2508.193553
2187.973191
2212.980097
2625.958010
2280.333679
1514.774022
1373.754389
1627.453378
1796.197880
2155.897346
1572.292949
1527.351961
2339.901087
2582.785893
2179.375535
2622.847722
1673.163712
2255.325926
1464.058897
1262.363168
1541.507902
1602.223601
1549.646402
1295.280292
1220.534135
1308.734525
1778.253866
1692.533697
1709.409052
2099.560780
2143.816370
2469.910947
3030.925537
3653.916676
2539.194592
3085.303905
3143.100803
3878.282391
3040.280550
3538.538420
4891.447940
4204.763130
4928.166538
5906.232637
6340.783757
8307.297672
9728.845113
9232.196214
10872.304863
15423.725315
18934.077732
22098.129953
24574.044505
31223.734881
35470.510610
42969.793936
47102.398538
27158.712070
30545.196047
28009.510645
21130.846560
19885.797384
16972.835481
22466.659952
18775.926406
15210.190653
17141.262816
14938.282775
15118.697469
15749.309953
16017.282614
14673.972017
15663.618259
19114.116799
19953.125997
21408.733274
21230.872128
24174.646730
30716.134619
25290.047070
19848.963338
22949.575240
19428.022508
18261.221699
15151.030279
12970.738307
11234.339956
15527.190205
20481.504430
21579.753321
26167.851037
25032.695840
24438.190985
28195.902430
31632.409932
36264.701404
39867.118850
52006.571681
63451.206710
58810.071904
66867.110783
66302.980533
60490.652273
76188.835142
97300.652035
85625.702576
70491.724056
59377.095427
74735.388892
95185.004077
97534.285305
131111.938452
209572.434045
292405.051214
241039.147297
279597.309315
286295.058554
463032.546403
537794.129779
379989.026025
464608.655230
504150.137604
456335.149209
291799.891880
327048.066498
334217.353238
359945.074125
392682.476980
325770.003202
252056.475301
231650.622495
212807.008238
305351.084761
331606.044965
369414.617096
426953.793766
426778.571619
385145.297198
344869.653404
326649.156522
312182.005059
328082.410572
212971.198780
257132.523040
278793.612326
303872.199948
336461.221592
261084.904553
312556.506206
