0.821164
0.789385
1.060625
1.250284
1.539307
1.246090
1.052150
0.896285
0.980230
1.103063
1.555863
1.235131
1.528574
2.448570
2.987309
3.674952
4.963059
6.045300
7.271101
9.441419
10.656832
11.022925
9.646466
14.399214
20.890111
22.066999
14.499164
15.445020
12.675446
14.889111
18.408078
9.567527
9.397107
13.861733
20.936805
14.546889
20.489323
22.882786
23.577305
21.504243
22.891020
31.005144
31.361805
13.243777
17.629409
21.148009
16.568028
16.671835
11.145634
8.528059
12.387781
9.736006
13.194566
13.951539
15.880729
14.912513
22.213287
17.514577
18.524489
13.879277
14.189385
21.884418
23.953549
37.461595
37.735765
31.640302
28.621084
48.549620
24.827454
19.062823
30.607268
40.936252
28.419687
25.946120
28.056550
42.018202
56.325033
68.263141
76.709894
101.603431
103.912910
122.950196
136.673827
138.636523
192.954038
132.010337
184.767062
194.444843
271.335245
214.521081
199.560212
289.163082
273.483365
345.344671
199.331895
189.527922
215.828715
274.227966
107.673234
61.216172
80.786320
116.608393
176.413327
200.387324
213.716931
292.937260
368.492045
387.163214
309.628878
187.347692
234.912478
245.947033
271.881982
238.872259
229.330776
245.417410
310.453214
346.235255
389.424628
655.423535
681.355384
923.756581
1295.524294
1663.716019
1544.635768
847.817368
1297.183676
1966.143656
2093.848841
1696.448126
2122.279978
1249.634821
1727.518596
2081.818678
1914.608056
2034.143056
2951.780850
3314.706307
3209.941894
3796.918502
3779.486148
5081.965101
3143.826847
2292.809485
3036.615440
5094.063464
7338.201114
9224.956080
13207.833681
15465.360947
12424.387333
14326.016467
11611.007237
11807.997985
15079.020662
12132.919642
6086.421466
5245.313547
6683.247919
7711.895513
10004.371091
5984.258307
5730.349685
10255.672789
11835.919780
9091.701710
11837.935220
5475.256779
8303.182745
3978.877713
3165.191958
4204.162288
4449.968404
4233.203376
3201.740178
2927.475951
3241.506486
4967.768801
4612.294180
4680.557996
6266.338717
6462.408883
7921.587288
10592.520573
13824.465013
7563.889378
9978.720333
10256.205261
13817.279140
9385.419035
11668.662066
18291.191044
14479.480109
18177.335734
23532.478167
26102.613287
38119.612646
47802.570276
44180.161948
55830.884592
90525.159175
121108.765965
151151.055906
176290.130227
247102.764312
296992.367206
390200.879605
445907.497933
165644.890765
196305.153101
172114.804827
109370.432917
99804.496116
78102.490657
115629.437220
87432.589460
62784.736777
74617.219822
60381.980278
61464.501825
65270.166514
66918.714703
58587.790933
64453.187542
85529.378527
91102.336529
100967.874128
99722.696542
120247.958105
168548.508890
124350.458106
84636.686989
104262.434290
80513.431860
73335.581012
54794.715898
43089.777391
34526.956000
54111.543827
79740.951373
86088.094619
113257.944943
105964.817085
102229.156215
125563.044625
148280.051133
180513.315675
207131.421176
300755.641372
399001.775756
355678.918369
428012.478518
422652.275635
367652.836471
509283.407008
718767.847341
590745.475941
435754.170219
333764.463436
461915.485590
649535.571588
673332.855011
1017429.791575
1921227.479845
3048435.274407
2253512.371014
2788626.792470
2887788.559927
5534083.122289
6860471.224482
3872221.403824
5152245.696901
5803154.556916
4986146.631585
2317457.010895
2733004.974783
2821937.936187
3144399.343669
3568924.716861
2666188.390842
1770648.563104
1557860.515690
1369748.181992
2253970.352343
2541655.912463
2971828.330260
3658946.215961
3656717.154139
3127191.140754
2641757.034421
2434573.100248
2274513.298830
2446480.959148
1172290.097807
1533129.767418
1724846.564422
1955164.993926
2266423.861357
1512723.024609
1955416.686939
