0.652108
0.786360
0.948251
1.143471
0.908060
0.721114
0.572655
0.690550
0.832717
1.004151
0.797423
0.961591
1.159558
1.398281
1.686150
2.033285
2.451885
2.956665
3.565365
4.299381
5.184512
4.117156
4.964771
5.986888
7.219433
5.733139
6.913444
5.490145
6.620424
7.983397
6.339823
5.034618
6.071115
7.321000
5.813796
7.010706
8.454028
10.194493
8.095712
9.762408
11.772234
14.195831
11.273279
13.594154
16.392836
13.017978
15.698041
12.466222
9.899751
11.937853
9.480159
11.431877
13.785404
16.623460
13.201122
15.918890
12.641604
15.244182
12.105801
14.598071
17.603434
21.227523
25.597718
30.867623
24.512782
19.466237
23.473830
18.641178
14.803444
17.851089
21.526164
17.094486
13.575176
16.369952
19.740099
23.804073
28.704712
34.614266
41.740444
50.333716
60.696119
73.191872
88.260175
106.430651
84.519347
101.919683
122.902296
148.204683
117.693192
93.463224
112.704872
89.501869
107.927977
85.708412
68.063279
82.075738
98.972999
78.597032
62.415946
75.265767
90.761031
109.446368
131.978529
159.149477
191.914217
231.424364
279.068624
221.615650
175.990749
212.222669
255.913799
308.599796
245.067122
194.614173
234.680171
282.994717
341.255971
411.511703
496.231264
598.392379
721.585811
870.141569
1049.281094
833.261398
661.714541
797.944360
962.220358
1160.316512
921.437510
1111.137536
882.383207
1064.042967
1283.101749
1018.944460
1228.718631
1481.679851
1786.719208
1418.880178
1710.990716
1358.742213
1638.471908
1301.153142
1033.279540
1246.004932
1502.524952
1811.855773
2184.869769
2634.677648
3177.089274
2523.009197
3042.431192
2416.073713
2913.480472
3513.290351
2789.995213
2215.607739
1759.471711
2121.701190
2558.504301
3085.233816
2450.064389
1945.659833
2346.220605
2829.246426
2246.778148
2709.331352
2151.550469
2594.498770
2060.358931
1636.184596
1973.032464
2379.228549
1889.407251
1500.427422
1191.528427
1436.833151
1732.639739
1375.934265
1659.203356
2000.790188
2412.700867
2909.413245
3508.385788
4230.671203
3359.686000
4051.357996
4885.427272
5891.209726
4678.362815
5641.516081
6802.957562
5402.405477
6514.620302
7855.811242
9473.118526
11423.387330
13775.165773
10939.217294
13191.317716
15907.067059
19181.918583
23130.976889
27893.043625
33635.496088
40560.170210
48910.454692
58979.845641
46837.428900
56480.037737
44852.266448
35618.350945
28285.458563
22462.218067
27086.604749
21510.177083
17081.790886
20598.487503
16357.794487
19725.439069
23786.394112
28683.394213
22778.229113
27467.674253
33122.554222
39941.626950
48164.569457
38248.736885
46123.157342
55618.716237
44168.268650
35075.170510
42296.236164
33588.540840
26673.533583
21182.146530
16821.293295
13358.226359
16108.337853
19424.625800
23423.651212
28245.971982
22430.860746
17812.929721
21480.148814
25902.352971
31234.973987
37665.443021
45419.778438
54770.529904
43494.701830
52449.130075
41651.217870
33076.315042
39885.868325
48097.331581
38195.341539
30331.913795
24087.361374
29046.322810
35026.205472
42237.190497
50932.729854
61418.454680
74062.917618
58815.288517
70923.827225
85525.199231
103132.614097
124364.937892
98761.430668
119093.841446
143612.166960
114046.155699
90567.017441
109212.411589
131696.407613
158809.273834
191503.974275
152078.285075
120769.320213
95906.057184
76161.493567
91841.164894
110748.872875
133549.186329
161043.491516
127888.823743
101559.840044
80651.309535
64047.301836
50861.627618
61332.714342
48705.903109
58733.182206
70824.817360
85405.805809
102988.640674
81785.957264
98623.559429
