3294.000
3296.000
3311.000
3338.000
3452.000
3403.000
3623.000
3719.000
3425.000
3830.000
3781.000
3865.000
3809.000
3950.000
3742.000
4052.000
4218.000
4152.000
4724.000
4053.000
4523.000
4416.000
4398.000
4328.000
4613.000
4566.000
4538.000
4702.000
4573.000
4765.000
4796.000
4798.000
4806.000
5018.000
5143.000
5040.000
5277.000
5559.000
5643.000
5344.000
5248.000
5231.000
5323.000
5221.000
5254.000
5194.000
5274.000
5336.000
5306.000
5347.000
5777.000
5786.000
5537.000
5997.000
6036.000
5764.000
5814.000
6000.000
6118.000
6264.000
6383.000
6418.000
6501.000
6697.000
7162.000
6945.000
7237.000
7550.000
7076.000
7503.000
8132.000
7554.000
7690.000
7605.000
7793.000
7476.000
7775.000
7769.000
7506.000
7524.000
7704.000
7741.000
7772.000
7610.000
7309.000
7454.000
7311.000
7419.000
7157.000
7653.000
6906.000
7180.000
7417.000
6977.000
7330.000
7435.000
7433.000
7384.000
7238.000
7346.000
7325.000
7477.000
7805.000
7538.000
7797.000
7676.000
7769.000
7841.000
7987.000
8271.000
8337.000
8297.000
8426.000
8464.000
8448.000
8545.000
8399.000
8084.000
8148.000
8265.000
8032.000
7708.000
8133.000
8288.000
8206.000
8336.000
7913.000
8141.000
8071.000
7631.000
8003.000
7931.000
8172.000
8542.000
8224.000
8315.000
8196.000
8152.000
8063.000
8205.000
8160.000
8636.000
7814.000
8053.000
7931.000
7755.000
7686.000
7671.000
7718.000
7604.000
7569.000
7587.000
7492.000
7918.000
8059.000
7677.000
8219.000
8062.000
8320.000
8304.000
8317.000
8718.000
9048.000
8538.000
8924.000
8603.000
8990.000
9364.000
9029.000
9311.000
9838.000
9342.000
9444.000
9663.000
10037.000
10190.000
10269.000
10513.000
10942.000
11605.000
11010.000
11335.000
11750.000
11827.000
11767.000
12099.000
11953.000
12230.000
12753.000
12912.000
13338.000
13246.000
