3294.000000
3304.420908
3382.777400
3526.509433
4154.046141
3846.810090
5142.607311
5852.612999
3441.894360
5562.537296
5191.732102
5792.712697
5355.395975
6388.336447
4635.547661
6636.489787
8053.107435
7396.544413
12705.915977
3302.315347
5297.648245
4644.644196
4546.000018
4168.994407
5599.417413
5302.159918
5132.745444
6099.251654
5227.366658
6370.925607
6586.887382
6601.199589
6658.548896
8188.956990
9251.835221
8286.397739
10316.692766
13189.312090
14227.749494
10299.736515
9335.671186
9178.100216
10019.168911
9018.821229
9315.841159
8761.523361
9464.665671
10044.404525
9750.162165
10142.720331
14392.714051
14509.545135
11256.049101
16128.470626
16674.982135
12759.722055
13336.439134
15559.510322
17153.928540
19286.887729
21196.006425
21801.588217
23270.656824
26926.268982
36667.736796
30878.982870
37643.692414
46126.772112
31037.787331
40796.810969
58617.212334
36908.643379
40370.950401
38045.874549
42946.390065
33843.971202
40896.725894
40732.283058
33547.644143
33966.825094
38200.858101
39156.805805
39973.853576
35632.413549
28288.921228
31213.087024
28093.055813
30255.383553
24688.217833
33603.107366
16513.035296
19926.744036
23353.915319
16135.204161
20388.797954
21910.580199
21879.870294
21128.330024
18951.613341
20425.034594
20120.801302
22296.289829
27392.585663
22510.032862
26539.942667
24393.924557
25933.869610
27186.175041
29823.751615
35349.263220
36819.007732
35898.562746
38806.742507
39718.637638
39327.423773
41680.244802
37969.623650
30549.778682
31809.972380
34189.954529
29167.833757
23037.260977
29655.670442
32600.527633
30919.927842
33472.193504
24622.211225
28318.758801
27050.026298
19366.358376
24285.451187
23147.034057
26811.916170
33137.152914
26709.412773
28249.332905
26142.798917
25411.527876
23965.980999
26165.169527
25417.459771
33142.922559
16705.809133
19368.174010
17839.318735
15776.606954
15045.204420
14892.213894
15367.637461
14184.915258
13844.720006
14016.271200
13101.817799
16983.490847
18559.309158
13975.573338
19116.636572
17213.947946
20084.285437
19883.038812
20045.225176
25080.975351
30027.692321
21208.778321
26204.777670
21293.420526
26284.356968
31981.863521
26020.264886
30254.712211
39177.136694
28885.531528
30528.829194
34217.533575
41118.086496
44383.934502
46176.827090
51893.736717
62927.435864
82794.441719
60676.303428
70008.647076
83363.952467
86210.423195
83931.592835
96270.405243
90217.390313
101110.921371
123640.281948
131672.219394
154307.495881
148761.753338
