3423.490434
3558.071266
3697.942606
3843.312428
3692.227973
3837.373147
3988.224123
3831.443044
3982.060902
3825.522105
3975.907205
3819.610317
3969.763018
3813.707664
3963.628326
4119.442519
3957.503114
4113.076519
3951.387368
4106.720357
3945.281073
3790.188129
3641.192043
3784.330944
3635.565110
3492.647410
3629.946872
3487.250031
3624.337317
3766.813641
3914.890852
4068.789126
4228.737296
4394.973187
4222.202396
4388.181395
4560.685194
4739.970289
4553.637317
4374.629281
4202.658229
4367.868927
4196.163631
4361.119020
4189.679070
4354.379544
4525.554558
4347.650483
4518.560971
4696.190121
4880.802051
4688.932842
4873.259481
5064.832184
4865.728566
5057.005222
5255.801154
5462.411953
5677.144830
5900.319070
6132.266513
6373.332042
6623.874098
6884.265212
6613.637863
6873.626581
7143.835715
6863.004389
7132.795955
7413.193297
7121.773255
7401.737283
7110.767589
7390.298974
7099.778931
7378.878340
7088.807254
6810.139152
7077.852532
7356.089993
7645.265247
7945.808269
7633.450600
7333.372024
7621.654211
7322.039362
7609.876052
7310.724214
7598.116094
7299.426552
7586.374309
7884.602270
7574.650670
7872.417763
8181.890377
7860.252085
7551.257715
7254.410223
7539.588343
7243.199586
7527.937005
7823.867736
7516.303672
7811.777085
7504.688316
7799.705119
8106.319327
8424.986846
8756.181504
9100.395755
8742.650097
9086.332415
9443.525229
9072.290808
9428.931632
9058.270901
8702.181214
9044.272659
9399.812062
9030.296050
8675.306082
9016.341039
9370.782422
9002.407594
9356.301239
8988.495681
9341.842435
8974.605267
8621.804559
8960.736318
8608.480813
8946.888802
9298.599948
8933.062685
9284.230312
8919.257935
8568.632986
8231.791455
8555.391408
8219.070417
8542.170294
8206.369037
8528.969611
8193.687286
7871.585245
7562.145358
7264.869862
7550.459161
7253.643061
6968.495098
7242.433609
6957.726302
7231.241480
7515.508814
7220.066647
7503.894687
7208.909083
7492.298508
7197.768761
7480.720249
7774.794843
8080.429803
7762.780027
8067.942673
7750.783778
8055.474839
8372.143611
8043.026273
8359.205679
8687.814413
8346.287741
8674.388658
9015.387551
9369.791451
9738.127323
10120.942846
10518.807230
10932.312061
11362.072181
10915.417761
11344.513749
11790.477929
12253.973406
11772.257458
12235.036671
11754.065144
12216.129199
12696.357454
13195.463962
13714.190846
13175.072289
