90.100
90.400
88.600
87.000
85.600
86.300
87.200
88.200
89.100
89.900
90.400
90.100
89.900
89.400
89.600
90.200
90.100
89.500
89.100
89.000
88.000
87.200
86.700
86.600
86.100
86.900
86.500
86.700
86.800
86.600
87.000
86.600
87.300
87.700
88.200
89.000
90.100
91.000
91.700
92.300
93.000
93.800
94.300
94.400
94.900
95.700
96.000
95.800
96.400
96.400
96.300
96.100
96.000
95.400
95.100
94.800
94.400
93.900
94.100
94.200
94.700
94.600
94.800
94.500
94.700
95.100
95.200
95.600
95.900
95.900
95.800
96.400
96.600
96.800
97.100
97.500
97.400
97.600
97.700
97.700
97.700
98.200
98.500
99.200
99.000
99.300
99.400
99.500
99.700
100.200
100.900
101.000
101.000
100.600
99.800
99.600
99.400
100.000
100.000
100.000
99.900
100.600
100.000
100.200
100.100
100.100
100.000
100.500
100.900
100.700
100.100
100.400
99.600
99.400
99.200
99.100
99.200
98.900
99.000
99.400
99.400
98.900
99.400
99.200
99.400
99.300
99.100
98.400
97.800
97.200
96.500
96.500
96.000
96.500
96.800
96.900
97.100
97.100
97.900
97.800
97.700
97.700
97.500
97.200
97.500
97.900
98.200
98.200
98.400
98.300
98.300
98.000
97.900
98.100
98.300
99.200
98.900
99.300
98.500
98.600
98.200
98.300
98.100
98.500
98.700
99.200
99.600
100.300
100.500
100.700
101.300
101.400
101.500
101.700
101.700
102.200
102.300
102.200
102.300
102.500
