90.100000
98.462367
43.813358
21.758679
11.998692
14.733747
19.016794
25.095747
32.233836
40.301211
46.549144
42.243159
39.629376
33.485599
35.573733
42.213925
40.909386
33.315617
29.165190
28.252770
19.404080
14.486988
12.171516
11.780195
9.884307
12.444314
10.847629
11.546757
11.917992
11.152534
12.588432
10.975113
13.447959
15.165512
17.575614
22.019264
29.605274
37.848453
45.963905
54.347046
65.835993
81.622221
93.750063
96.521263
110.771725
136.800914
148.754721
140.116239
164.577686
164.577686
159.818838
150.566753
146.199447
120.729168
110.146553
100.461107
88.645459
75.557786
80.043706
82.414782
94.608388
91.823629
97.234925
88.657772
93.888028
104.942250
108.018190
120.669278
131.224515
131.224515
127.410308
149.653558
158.308177
167.444347
181.909543
202.797896
197.000048
208.275795
214.224151
214.224151
214.224151
244.784043
265.628990
318.248310
300.363168
325.734349
334.878055
344.268977
363.558112
414.380683
495.074036
508.750913
508.750913
452.587723
352.264213
332.586441
313.970580
366.798287
366.798287
366.798287
356.573948
426.218974
355.360142
375.171153
364.734298
364.734298
354.577649
403.996119
448.816864
424.018905
353.595837
383.135277
298.037864
281.355790
265.575775
258.113268
265.373402
243.002942
249.851879
277.991313
277.991313
239.013023
272.695437
257.401144
271.866753
264.242845
249.407696
200.300834
166.256343
137.824922
110.157578
110.157578
94.247767
107.930655
117.283564
120.660865
127.602801
127.602801
156.907611
152.440062
148.095278
148.095278
139.644736
127.667705
138.651287
154.507053
167.704648
167.704648
177.225407
172.205001
172.205001
157.555547
153.074128
161.790927
170.985321
214.622409
196.530158
218.686643
169.576529
174.375382
154.656777
159.046786
150.026728
167.078424
176.534742
201.462945
224.106856
268.010624
282.907287
298.600650
348.193660
357.774848
367.609971
387.801034
387.801034
440.946468
452.973069
440.630525
452.648509
477.315911
