90.562033
90.097631
89.635610
89.175959
89.633253
90.092892
90.554889
91.019254
91.486001
91.955141
91.483595
91.014467
90.547745
91.012074
91.478784
91.009681
90.542983
90.078679
89.616755
89.157200
88.700002
88.245149
87.792627
87.342427
87.790319
87.340130
87.788010
88.238187
87.785702
88.235867
87.783393
88.233547
88.686008
89.140790
89.597904
90.057362
90.519176
90.983359
91.449921
91.918876
92.390236
92.864014
93.340220
93.818869
94.299972
94.783542
94.297492
94.781050
95.267087
94.778557
94.292533
93.809001
93.327948
92.849363
92.373231
91.899541
91.428280
91.897124
92.368373
92.842038
92.365944
92.839597
92.363515
92.837155
93.313224
93.791734
94.272698
94.756129
95.242038
94.753637
95.239534
95.727922
96.218815
96.712225
97.208165
96.709682
97.205609
97.704079
98.205106
98.708702
99.214880
99.723654
100.235037
99.721031
100.232401
100.746393
101.263020
101.782297
102.304236
102.828853
103.356159
103.886169
103.353441
102.823445
102.296166
101.771591
102.293476
102.818037
103.345288
102.815333
103.342570
102.812629
103.339853
102.809926
103.337135
102.807222
103.334418
103.864317
103.331700
102.801815
103.328983
102.799112
102.271958
101.747508
101.225746
101.744832
101.223085
101.742157
102.263890
102.788300
102.261201
102.785597
102.258512
102.782894
102.255823
101.731455
101.209776
100.690773
100.174430
99.660736
100.171796
99.658115
100.169162
100.682829
101.199131
101.718080
102.239690
102.763976
102.237002
101.712731
102.234313
101.710056
101.188487
101.707381
102.228937
102.753167
103.280085
103.809705
103.277369
103.806975
103.274653
102.745061
103.271937
103.801516
104.333810
103.798786
104.331067
103.796057
104.328323
103.793327
104.325580
103.790598
104.322836
104.857804
105.395514
105.935983
106.479222
107.025248
107.574073
108.125713
108.680182
109.237494
109.797664
110.360706
110.926636
111.495468
110.923719
111.492536
112.064269
