1.795582
2.302938
2.063669
1.545745
1.385146
1.776531
2.278504
2.442684
3.132885
4.018107
5.153457
5.524794
7.085870
9.088042
9.742888
14.949428
22.938311
20.555078
22.036191
28.262700
25.326276
27.151182
34.822975
26.083377
40.022174
35.863970
32.137792
41.218594
36.936084
56.674501
60.758229
65.136214
83.540995
89.560611
114.866709
102.932343
132.016735
169.319164
217.161706
278.522558
249.584755
267.568793
410.555916
440.138865
564.503773
605.179564
776.178098
832.106258
1276.778742
1144.124598
1226.565451
1573.141751
1686.495793
1808.017654
2774.211205
4256.732666
5459.507990
7002.137515
10744.036877
13779.854123
10321.494248
11065.218129
11862.531656
12717.296274
16310.674422
17485.953680
26830.340130
34411.476550
52800.758663
56605.361392
50724.204787
77830.908867
83439.079957
74769.966571
67001.552557
50186.027598
64366.508342
57678.987826
51686.284099
79307.117464
101716.005076
76188.118679
81677.917151
87563.287634
112305.025000
100636.811543
107888.280983
138373.014768
123996.401852
92876.755955
119119.858118
152778.167716
163786.726088
146769.691620
188240.692326
288835.364315
370448.205938
568413.456199
609370.962142
653279.695356
1002388.359694
1285621.552549
1972649.828869
2114790.758518
2267173.771474
2031620.041724
1820539.760060
1951720.271762
2092353.104707
1874962.808485
1680158.824671
2154901.716299
2310174.957792
2476636.542279
2655092.655154
3405311.233385
3650683.776132
4682214.930717
4195744.416503
5381287.001866
6901814.534401
8851979.805342
13582423.547217
14561116.410816
18675481.320068
20021158.711785
21463800.010967
32933923.155337
50533609.791717
64812302.784682
69482407.349471
89115241.161353
136737879.726690
209809764.395940
269093263.538072
288483003.207991
309269886.751094
474541818.285489
608627567.622414
780600363.964390
1197748413.081366
1536182218.694908
1150643235.581464
1475767080.345732
1582104708.888008
1696104583.996554
1818318815.242059
1949339294.911075
2089800564.582814
2240382888.259518
2873421762.387101
3080468565.424901
4726652082.310614
5067234942.621856
5432358785.158530
6967317076.098436
5218714398.722043
6693305686.074228
8584555042.560728
11010192681.335361
11803541303.295702
12654055322.282505
16229564212.456619
20815362966.086788
22315231315.597488
19996734148.437256
21437615515.324093
27494992609.622261
29476167247.431419
26413666604.019150
28316925394.098465
25374867103.041618
32544747477.608112
34889786416.588440
44748186615.702332
47972554545.881546
51429256998.092987
78912736656.409882
101210188680.830795
75809248121.918564
97229783571.928162
72827813915.940186
93405920260.224808
119798542212.590912
128430726146.876953
115087092350.899292
86203435181.540466
77247112146.332382
99073928070.957901
106212782638.011612
136224090388.785721
174715343495.867035
224082621258.535767
287399035169.937439
368606030011.194336
330308778044.919922
423640278684.284119
543343373391.339294
696869576059.109985
747083094918.757080
1146319720931.717773
1027219946071.555664
1101237136528.862305
986821330333.332764
884293042523.385620
1356853823385.605713
1454623057961.256348
1865638937308.192871
2392790782017.941406
2565205318665.551270
3936035315248.335938
6039428458280.826172
6474604515910.367188
8304058032383.792969
8902413863870.599609
11417865164152.814453
12240588967076.396484
13122594820205.136719
16830493454026.896484
25824605978350.082031
33121563823811.671875
29680315520741.226562
38066736261348.593750
48822810140897.140625
52340778469568.960938
80311369614259.421875
86098272373847.859375
77152875493438.609375
118382899179824.015625
151832974881381.562500
162773426595226.937500
208766416119344.031250
320329909073723.375000
410841797042549.625000
630393134761155.125000
808515973664365.625000
724513170017226.375000
929230410021955.000000
1191792213920749.750000
1067967959861257.625000
799937724755130.125000
857577905082256.125000
1099893695992313.125000
1179147454148391.000000
1512325403648083.250000
2320502828211288.500000
2487708596021086.000000
3817124819107894.000000
4092170933443703.500000
4387035725081480.500000
5626629265416257.000000
7216480301137890.000000
7736469811586431.000000
9922473893707148.000000
10637446030693880.000000
13643145143176724.000000
20933958269873580.000000
32120937235940672.000000
49286169180916720.000000
52837525231902944.000000
56644777206846664.000000
60726363900100792.000000
77885104593324976.000000
119506427021838816.000000
107090005762790096.000000
114806465497564720.000000
176158336850918688.000000
157855922720215008.000000
141455084007399536.000000
126758251744570368.000000
135891923357251024.000000
208511734128716288.000000
223536221140102112.000000
342992607352892032.000000
439908029770458560.000000
329503357461968064.000000
353245996863447872.000000
453058600019971264.000000
695170338444193792.000000
745261417319437952.000000
798961850685412224.000000
1024715186456380928.000000
1572316700193720064.000000
1408956896133348864.000000
1807069420513258240.000000
1619319391258869760.000000
2076871593459378176.000000
2663708987246323712.000000
4087178740452651520.000000
6271342003346007040.000000
9622708724154347520.000000
8622933162707848192.000000
9244265807820167168.000000
11856310226560040960.000000
12710626554349762560.000000
11390023991807938560.000000
17476782987727368192.000000
22414993810484494336.000000
16789454200001189888.000000
