1.795582
2.919862
2.247616
0.997617
0.767933
1.248765
2.030663
2.354905
3.829401
6.227131
10.126173
11.743049
19.095812
31.052422
36.010645
78.654270
171.796260
132.243163
153.358792
249.382504
191.966519
222.618347
362.008087
160.679438
350.955214
270.153879
207.955629
338.164500
260.307987
568.563381
659.347464
764.627306
1243.389299
1441.924715
2344.768150
1804.925987
2935.058188
4772.808736
7761.244210
12620.851848
9715.119755
11266.359902
24607.925926
28537.141726
46405.322048
53814.988694
87510.581950
101483.639265
221660.048048
170626.669340
197871.103222
321765.660816
373142.876923
432723.635173
945152.759473
2064397.841633
3356995.159625
5458936.389997
11923381.048929
19389059.445948
8605949.667511
9980085.531509
11573633.484271
13421627.659634
21825414.741394
25310339.281617
55282714.097566
89897305.595460
196353236.849096
227705503.060466
175280263.474354
382846258.419001
443976382.903357
341758527.254363
263074558.579564
116767211.742115
189879565.222998
146163091.250393
112511576.581039
245747212.309313
399618806.795907
177373190.630025
205694860.190177
238538729.326068
387896820.853094
298590310.935900
346267054.478773
563077911.818505
433438996.491313
192384483.529089
312843661.704388
508726872.745548
589956704.243324
454129413.520494
738476960.353620
1612977614.185610
2622923708.907408
5728976600.951060
6643738192.869123
7704562306.656427
16828265734.713879
27365077349.598785
59770662519.350639
69314410068.775818
80382034273.585327
61875466148.354858
47629714098.090164
55234882721.740974
64054389723.965485
49306978342.071785
37954902446.203941
61719897796.394264
71574885151.746338
83003445685.845276
96256836195.019180
156526870292.429993
181519950037.757446
295176434196.165466
227217183876.362610
369486428961.470276
600835812052.788086
977041765944.687622
2134049647055.067383
2474799276238.162109
4024364404900.038574
4666945837135.580078
5412130029834.787109
11821146835845.458984
25819688688981.453125
41986369198992.789062
48690449282151.851562
79177375244563.421875
172938819592883.187500
377732088614968.875000
614244390082949.125000
712322496390019.750000
826061006100177.000000
1804278240664263.000000
2934004869801877.500000
4771095932993058.000000
10421003427653872.000000
16945986553438642.000000
7521577193805486.000000
12231120244010354.000000
14184097155015790.000000
16448911308957968.000000
19075354623772288.000000
22121169431104540.000000
25653317940930760.000000
29749454405115516.000000
48376709385146176.000000
56101152819170712.000000
122535852146899648.000000
142101491699046256.000000
164791231213590752.000000
267973233830785408.000000
118941517968037280.000000
193415286553237216.000000
314519889367174272.000000
511452649738267968.000000
593117713615023488.000000
687822464863440000.000000
1118494041542888832.000000
1818825329026327552.000000
2109242216594721792.000000
1623625808316712960.000000
1882874646730174464.000000
3061813448849760768.000000
3550701698831422464.000000
2733214265530892800.000000
3169634172041622528.000000
2439880922238427136.000000
3967582353012652544.000000
4601097237451861504.000000
7482017682674988032.000000
8676692208841491456.000000
10062123731850706944.000000
21977639387626659840.000000
35738667981888610304.000000
15862820921158666240.000000
25795131140272410624.000000
11449322792984539136.000000
18618175441822609408.000000
30275717005278662656.000000
35109924755333193728.000000
27026474016269926400.000000
11995861671948685312.000000
9234022745390317568.000000
15015792515938154496.000000
17413405776132872192.000000
28316595631170691072.000000
46046683712972283904.000000
74878248380553936896.000000
121762342658357264384.000000
198002335929396166656.000000
152415734993670438912.000000
247848972861982081024.000000
403036558865071210496.000000
655392943154353537024.000000
760041353118530928640.000000
1660078450998193946624.000000
1277874203192564383744.000000
1481915923347075235840.000000
1140730504999235092480.000000
878097106951083130880.000000
1917935227013910495232.000000
2224177267026263277568.000000
3616818507080798306304.000000
5881444931164163801088.000000
6820551564470172778496.000000
14897413975753957048320.000000
32538855702094418018304.000000
37734425088132231725056.000000
61361371252248817958912.000000
71159111679333491539968.000000
115714514254229057568768.000000
134190971855681001357312.000000
155617616714958064582656.000000
253055673442336560381952.000000
552722912589920868499456.000000
898803566235362953003008.000000
691869646485098080501760.000000
1125075316159683051388928.000000
1829527387799738814300160.000000
2121653102790946735521792.000000
4634103897090744857395200.000000
5374044126085748994605056.000000
4136763748372382723604480.000000
9035498301988472918900736.000000
14692964434000381118251008.000000
17039030838496635207548928.000000
27707810430861397723185152.000000
60519258369146371289645056.000000
98412647655996614661636096.000000
214952403588386566596198400.000000
349542207343672879849930752.000000
269066181434308764050128896.000000
437538661629381995428577280.000000
711498113214834048904462336.000000
547688022786345265491083264.000000
243094595202205902279016448.000000
281910183811320491548868608.000000
458424778123269248743636992.000000
531622734585676232566767616.000000
864491771289951857041997824.000000
1888218522183352814114177024.000000
2189715613470859814657589248.000000
4782765686132815463052214272.000000
5546443155524106198288695296.000000
6432059125675917350755368960.000000
10459413837767595407628566528.000000
17008447169426156887157506048.000000
19724233127806499715163357184.000000
32074319107670461347507732480.000000
37195714646576714711646076928.000000
60485353893443284608508493824.000000
132111801795402541691662499840.000000
288557924359267311430515294208.000000
630266748155320774026000859136.000000
730903188838224980669555015680.000000
847608529273441236934618775552.000000
982948535275993689014310797312.000000
1598409671117369051539855900672.000000
3491238259604585711447987716096.000000
2687441251023419169262735982592.000000
3116552453286556931695008808960.000000
6807157989336022057915462451200.000000
5239928020509036008453129109504.000000
4033525548125834375259110768640.000000
3104876304351088670206286888960.000000
3600640519971077139385406193664.000000
7864500678113408017298798673920.000000
9120247325560810234236796665856.000000
19920397739958537434389209415680.000000
32393309779045507820112469557248.000000
14377963731860995376955298676736.000000
16673733100112342111891541196800.000000
27113786006472992531279614312448.000000
59221793248008400711559625572352.000000
68677901317777103502604798787584.000000
79643892403966484268177413898240.000000
129511936073221488244778384490496.000000
282879310895443786655953395384320.000000
217751259762946166187334469419008.000000
354093532888124172061197364887552.000000
272569643273770896672078006583296.000000
443235773009699227380878325841920.000000
720762400815786748661926327222272.000000
1574285563508554406882958542635008.000000
3438546506680046154220395871338496.000000
7510455760167618375719142872317952.000000
5781303687404852547575699958923264.000000
6704420490425521278560939980881920.000000
10902310921216886943131233610104832.000000
12643113160174980262885018700873728.000000
9732255813402882252940267558535168.000000
21257143560861472381249556324548608.000000
34567042554746761353237851963129856.000000
15342787988010563957608992519225344.000000
