2.306071
1.650448
1.181221
0.845396
1.085745
1.394426
1.790865
2.300013
2.953914
3.793720
4.872286
6.257492
8.036516
10.321321
13.255704
17.024340
12.184269
15.648294
20.097151
14.383470
18.472734
23.724588
16.979616
21.806972
15.607185
11.170015
14.345684
10.267163
13.186148
16.935010
21.749684
27.933184
35.874672
46.073949
32.974987
42.349875
54.390072
69.853332
89.712844
64.207213
82.461517
105.905573
136.014845
174.684274
224.347537
288.130215
370.046500
475.251830
340.136309
436.838082
561.032459
720.535670
925.386123
1188.476173
1526.363515
1960.313241
2517.636177
3233.407695
4152.675202
2972.057184
3817.021958
4902.212752
6295.926544
8085.877348
10384.716536
13337.122601
17128.906568
21998.706092
28253.004230
20220.590368
25969.364872
33352.533213
23870.307963
17083.907798
12226.901559
15703.046353
11238.623166
8043.448884
10330.225532
13267.139641
9495.252040
12194.780681
15661.793413
20114.488265
14395.878908
18488.670469
23745.054949
16994.264592
12162.744186
15620.648846
20061.646175
25765.232367
18440.099510
23682.675121
30415.730705
39063.014192
50168.746316
64431.871400
82750.045734
106276.131987
136490.755139
175295.486297
225132.518938
289138.369470
206935.463614
148103.090502
190209.243442
244286.301980
174834.973468
125128.866006
160703.377998
206391.830473
265069.647052
340429.742918
437214.940119
561516.459240
721157.273151
516130.096923
662867.431868
851322.631350
1093356.209411
1404200.659815
1803419.120003
2316136.586077
2974621.165908
3820314.887239
4906441.870626
6301358.013771
8092853.001160
10393675.387948
13348628.481768
17143683.605020
22017684.284979
28277377.980251
36316721.372170
46641674.208442
59902042.110925
76932372.389187
98804476.656550
126894885.783438
162971482.496326
116638201.108173
149798791.597830
192387037.445468
247083249.352327
317329758.392942
407547560.693330
523414554.841126
672222883.026122
863337865.339098
1108787410.468600
1424018997.627054
1828871870.709418
2348825630.167718
3016603803.301291
2158974292.211324
2772777160.409880
3561086025.445889
4573513465.738232
5873777064.588008
7543709505.381572
9688408748.890068
12442852421.425760
15980392693.394367
11437119109.484268
14688726383.667974
18864775360.723930
24228087590.103825
17339969603.974537
22269774982.293308
15938411145.502375
20469749249.402134
26289360370.254910
33763504391.599491
43362569980.644402
55690678713.851547
71523705744.235687
91858109858.439117
65742573651.355301
84433384568.156570
60428720035.275955
77608786427.465012
99673197235.152588
128010586228.698166
91616792532.120590
65569863564.861115
46928154643.780403
60269969793.471100
77404903015.664307
99411349157.726715
127674293957.315887
163972478752.262665
210590346378.967194
270461813625.546692
193568708626.362885
248600873194.963715
319278847246.911499
410050781355.750183
526629448647.533997
676351780786.373779
484062940453.465393
621683486613.206909
444937006318.612366
318440080611.211914
408973550849.221313
525245958276.307495
674574959952.136475
866358644791.408691
1112667006581.540527
1429001574553.692139
1835271009204.030518
2357044062933.764160
3027158761158.021973
3887789078431.531250
4993099176796.850586
6412652252057.725586
8235788525274.493164
10577247910375.607422
13584391223039.123047
17446474400922.814453
12486389389317.255859
16036307351868.318359
20595477640926.535156
26450833720674.871094
33970885099963.898438
43628909646538.937500
31225079747298.980469
40102463594695.320312
51503714302057.984375
66146374789275.976562
84951987580991.500000
109104092506230.125000
140122713318028.859375
179960021082484.406250
231123194956297.968750
165414177260637.593750
212441924098368.625000
272839800445307.125000
195270626659304.968750
139754601688184.593750
179487254211940.531250
230516019046157.843750
296052414809037.625000
380221004496491.437500
488318976737857.437500
627149526781360.500000
805450018693881.625000
1034441875358608.250000
1328536803848686.500000
1706243802793279.500000
2191334034658817.250000
2814336874714423.000000
3614461291206357.500000
4642063479680198.000000
5961816053143717.000000
7656778242500635.000000
9833623267178292.000000
12629351862906882.000000
16219914485586896.000000
20831284833582708.000000
26753681605624772.000000
34359833547148712.000000
44128437304103728.000000
31582590193235128.000000
40561615332942456.000000
52093404256943992.000000
37283093146482048.000000
26683397915657764.000000
19097227838042516.000000
24526627004081516.000000
31499620641222904.000000
40455057288384496.000000
51956551440644072.000000
66727954884873504.000000
47756997127239312.000000
61334454681504832.000000
78772024150820704.000000
101167146932971488.000000
129929270307456080.000000
166868551643676768.000000
214309781481628992.000000
275238695286200544.000000
196987508500247872.000000
252991648129393824.000000
181065363591262784.000000
232542789656349568.000000
298655402384018688.000000
383564029248002368.000000
492612433455297152.000000
632663626123938432.000000
452795459226024384.000000
581526566670360832.000000
746856314154444416.000000
959189804837495424.000000
686489265752780928.000000
881660223474093824.000000
1132318869988449152.000000
810397218294123136.000000
