0.973175
0.969369
1.003027
1.021151
1.045004
1.024889
1.008771
0.993670
1.003074
1.015776
1.057910
1.035873
1.060742
1.125254
1.150272
1.177028
1.218716
1.245571
1.271092
1.309430
1.326464
1.331068
1.314273
1.379705
1.442552
1.450765
1.400489
1.409721
1.384177
1.408604
1.442245
1.372254
1.369784
1.435546
1.509586
1.463030
1.523422
1.541404
1.546132
1.532395
1.542380
1.597626
1.599484
1.506110
1.556508
1.587900
1.553150
1.554133
1.502078
1.466431
1.533497
1.500326
1.554182
1.563192
1.585034
1.575269
1.653199
1.617863
1.627289
1.586055
1.589636
1.676748
1.692768
1.789229
1.790553
1.761326
1.744343
1.867074
1.774888
1.733245
1.839312
1.902034
1.843268
1.827056
1.842073
1.934701
2.001267
2.044129
2.069688
2.137558
2.142467
2.182130
2.206742
2.209945
2.297438
2.224113
2.313931
2.326178
2.419128
2.367943
2.351256
2.457935
2.444468
2.509373
2.402163
2.390224
2.423741
2.490011
2.337191
2.235292
2.307502
2.410894
2.535839
2.570662
2.587941
2.684877
2.754852
2.768958
2.712924
2.604659
2.671481
2.684161
2.712763
2.679481
2.668666
2.687582
2.759550
2.791690
2.826879
3.021996
3.034078
3.143152
3.270977
3.364914
3.340577
3.188295
3.359057
3.534101
3.557297
3.489073
3.577573
3.428925
3.561430
3.635238
3.605734
3.628482
3.793887
3.841022
3.828755
3.899503
3.897694
4.033425
3.877986
3.771909
3.895557
4.162269
4.347557
4.460512
4.655116
4.735517
4.641425
4.713210
4.622950
4.630876
4.760505
4.666520
4.431521
4.369638
4.490683
4.560526
4.697517
4.506773
4.487451
4.845548
4.920994
4.805701
4.952385
4.683410
4.927843
4.668507
4.572034
4.723685
4.751593
4.728205
4.611788
4.571869
4.621426
4.870122
4.834907
4.842138
5.007912
5.023746
5.138370
5.313439
5.477262
5.226614
5.395229
5.410389
5.600216
5.418705
5.551912
5.870316
5.746701
5.895004
6.070496
6.137491
6.423011
6.587877
6.537432
6.711639
7.133088
7.376605
7.561510
7.688591
8.000668
8.163895
8.422801
8.544310
8.001646
8.151308
8.049807
7.753272
7.684748
7.515893
7.880808
7.686614
7.467650
7.609862
7.463161
7.476681
7.523460
7.542661
7.447775
7.523119
7.771706
7.822877
7.908480
7.898625
8.062903
8.390168
8.167846
7.904252
8.089461
7.903265
7.832067
7.631978
7.467237
7.317291
7.736702
8.106988
8.172194
8.432819
8.377947
8.348102
8.540647
8.696787
8.887822
9.020256
9.432253
9.743604
9.636700
9.834735
9.822290
9.693132
10.070457
10.489034
10.300249
10.027171
9.790019
10.169857
10.587269
10.626465
11.175213
12.178340
12.900356
12.560431
12.861818
12.908034
14.103304
14.444874
13.809089
14.270360
14.452537
14.246929
13.476402
13.720586
13.765702
13.924652
14.114622
13.753855
13.287033
13.125680
12.965524
13.811278
13.989408
14.228661
14.561095
14.560199
14.347141
14.122094
14.010177
13.917101
14.023427
13.285387
13.698612
13.871710
14.058882
14.285045
13.805010
14.213249
