0.973175
0.935512
1.256951
1.481707
1.824212
1.476733
1.246913
1.062199
1.161677
1.307248
1.843840
1.463757
1.811511
2.901753
3.540184
4.355072
5.881481
7.163990
8.616555
11.188356
12.628652
13.062411
11.431409
17.063319
24.754855
26.149558
17.181896
18.302722
15.020842
17.643998
21.813923
11.338099
11.136144
16.426794
24.810835
17.238838
24.280666
27.116819
27.939916
25.483388
27.126570
36.741710
37.164555
15.694841
20.891985
25.061626
19.634222
19.757193
13.208558
10.106591
14.680597
11.538131
15.636728
16.533785
18.819929
17.672561
26.324246
20.756243
21.952944
16.448229
16.815729
25.934729
28.386770
44.394198
44.719285
37.495860
33.918116
57.534063
29.422840
22.591484
36.272437
48.512749
33.680227
30.748832
33.249818
49.795168
66.749359
80.896405
90.905989
120.405630
123.141990
145.701457
161.963738
164.290084
228.655778
156.438401
218.955837
230.423822
321.537816
254.214240
236.486305
342.664729
324.085780
409.239777
236.218634
224.600647
255.767202
324.970513
127.603692
72.549522
95.742094
138.194179
209.067336
237.478037
253.274081
347.154005
436.688823
458.816150
366.935255
222.027658
278.394920
291.471065
322.206159
283.087617
271.780602
290.844197
367.914909
410.318853
461.500289
776.718376
807.448179
1094.698431
1535.249414
1971.553617
1830.445198
1004.720877
1537.232904
2329.954679
2481.287413
2010.369310
2514.984502
1480.897356
2047.202490
2467.049520
2268.907231
2410.557542
3497.965292
3928.022149
3803.880715
4499.440941
4478.785279
6022.200613
3725.562927
2717.104137
3598.525219
6036.610002
8695.874456
10931.631959
15651.211532
18326.250817
14722.869799
16976.206547
13759.062923
13992.502769
17868.519835
14377.555924
7212.671179
6215.967774
7919.935677
9138.878688
11855.451018
7091.669158
6790.794146
12153.361862
14025.944570
10774.072267
14028.368943
6488.636124
9839.851497
4715.419318
3751.147779
4982.412005
5273.710796
5016.836043
3794.470008
3469.448049
3841.602210
5887.370535
5466.100584
5546.998832
7426.266271
7658.623254
9387.841673
12553.039761
16383.044756
8964.023657
11825.762734
12154.591453
16374.675679
11122.706862
13828.491902
21676.546603
17159.536651
21541.695861
27887.758723
30933.430417
45173.922990
56648.363086
52355.853538
66162.077747
107274.856819
143515.918092
179115.382203
208904.403666
292814.430293
351931.035365
462377.935779
528386.497356
196295.588869
232627.982558
203962.699649
129610.725420
118274.985111
92557.502370
137028.207350
103614.374396
74405.897213
88427.927721
71558.630074
72841.454319
77351.406642
79304.961933
69432.415811
76383.229725
101359.625060
107963.879502
119654.894709
118179.373905
142502.582073
199740.274987
147364.714008
100302.457588
123560.017247
95416.395705
86910.197116
64938.236339
51066.962738
40919.295010
64128.961133
94501.905044
102023.671648
134221.724869
125578.972157
121152.047210
148804.045173
175724.934391
213922.770363
245466.455060
356414.231213
472837.857080
421499.988812
507216.096426
500864.593148
435689.726491
603523.760652
851763.790592
700057.906637
516393.831855
395534.364240
547396.798669
769729.629500
797929.509878
1205685.098041
2276674.723865
3612381.020902
2670434.550219
3304527.861736
3422031.326623
6557779.370481
8129469.457738
4588599.446078
6105379.229966
6876677.792864
5908565.231663
2746288.325388
3238713.941944
3344099.664852
3726213.393449
4229273.241685
3159542.299205
2098329.918979
1846171.156498
1623253.420624
2671085.220079
3011997.154961
3521754.947383
4335993.753468
4333353.449778
3705864.749689
3130625.266992
2885109.544647
2695435.608498
2899220.000856
1389285.270215
1816902.376353
2044097.150946
2317034.942638
2685889.041873
1792726.258349
2317344.039282
