0.943122
0.972247
1.002271
1.033222
1.001315
0.970393
0.940427
0.969468
0.999406
1.030269
0.998453
1.029286
1.061072
1.093839
1.127618
1.162440
1.198337
1.235343
1.273491
1.312818
1.353359
1.311566
1.352068
1.393822
1.436864
1.392493
1.435494
1.391165
1.434125
1.478412
1.432758
1.388513
1.431391
1.475594
1.430026
1.474187
1.519711
1.566641
1.518262
1.565147
1.613481
1.663307
1.611942
1.661720
1.713036
1.660136
1.711402
1.658553
1.607335
1.656971
1.605802
1.655391
1.706511
1.759210
1.704883
1.757532
1.703258
1.755856
1.701633
1.754181
1.808352
1.864196
1.921764
1.981110
1.919932
1.860642
1.918101
1.858868
1.801464
1.857095
1.914444
1.855324
1.798030
1.853555
1.910795
1.969802
2.030631
2.093339
2.157984
2.224624
2.293323
2.364143
2.437150
2.512412
2.434826
2.510016
2.587528
2.667433
2.585060
2.505231
2.582595
2.502842
2.580132
2.500455
2.423238
2.498070
2.575213
2.495688
2.418619
2.493308
2.570304
2.649678
2.731502
2.815854
2.902810
2.992452
3.084862
2.989598
2.897276
2.986747
3.078981
3.174063
3.076045
2.981053
3.073111
3.168012
3.265843
3.366696
3.470663
3.577840
3.688328
3.802227
3.919643
3.798601
3.681296
3.794978
3.912171
4.032983
3.908440
4.029137
3.904713
4.025295
4.149600
4.021456
4.145642
4.273664
4.405639
4.269589
4.401438
4.265517
4.397240
4.261449
4.129851
4.257385
4.388858
4.524390
4.664108
4.808140
4.956620
4.803555
4.951893
4.798974
4.947171
5.099945
4.942453
4.789825
4.641911
4.785257
4.933031
5.085368
4.928327
4.776135
4.923627
5.075673
4.918932
5.070833
4.914241
5.065997
4.909554
4.757942
4.904872
5.056340
4.900195
4.748872
4.602222
4.744343
4.890853
4.739819
4.886189
5.037080
5.192630
5.352983
5.518289
5.688699
5.513026
5.683274
5.858779
6.039704
5.853192
6.033945
6.220279
6.028190
6.214347
6.406252
6.604084
6.808024
7.018263
6.801532
7.011570
7.228094
7.451305
7.681409
7.918618
8.163153
8.415240
8.675111
8.943007
8.666838
8.934478
8.658573
8.391187
8.132059
7.880933
8.124304
7.873417
7.630278
7.865909
7.623002
7.858408
8.101083
8.351253
8.093358
8.343289
8.600938
8.866544
9.140351
8.858088
9.131635
9.413629
9.122926
8.841201
9.114226
8.832770
8.560005
8.295664
8.039485
7.791218
8.031819
8.279849
8.535539
8.799125
8.527399
8.264065
8.519267
8.782351
9.053559
9.333142
9.621358
9.918476
9.612183
9.909017
9.603017
9.306466
9.593859
9.890127
9.584710
9.288724
9.001879
9.279866
9.566438
9.861859
10.166403
10.480352
10.803995
10.470357
10.793692
11.127012
11.470626
11.824850
11.459687
11.813573
12.178388
11.802308
11.437841
11.791053
12.155172
12.530536
12.917491
12.518586
12.132000
11.757352
11.394273
11.746139
12.108872
12.482806
12.868287
12.470902
12.085788
11.712567
11.350871
11.000345
11.340046
10.989854
11.329232
11.679090
12.039752
12.411552
12.028271
12.399716
